Ajuste: 0
Imagen MSE MAE SSIM FSIM VIF
adirondack_chairs.ppm 802.9410400390625 37.4281260172526 0.8351604129281127 0.9485 0.5060 502
adirondack_chairs.ppm 842.059221903483 38.37829335530599 0.8234787582659103 0.9381 0.4700 504
adirondack_chairs.ppm 779.8367818196614 37.21131896972656 0.8283424621631434 0.9384 0.5136 493
adirondack_chairs.ppm 758.5809656778972 37.553957621256515 0.8250803010824784 0.9371 0.4634 502
adirondack_chairs.ppm 780.8078104654948 37.682576497395836 0.8247681670516354 0.9390 0.4893 501
adirondack_chairs.ppm 788.045036315918 38.584251403808594 0.8149881672836798 0.9379 0.4880 504
adirondack_chairs.ppm 701.4987564086914 35.82496897379557 0.8322715918318688 0.9424 0.4961 512
adirondack_chairs.ppm 853.3548990885417 39.28266906738281 0.8177633052821282 0.9398 0.4921 509
adirondack_chairs.ppm 735.6815032958984 36.81145731608073 0.8197393363963777 0.9405 0.5197 497
adirondack_chairs.ppm 852.0526657104492 38.122474670410156 0.8186610305051053 0.9410 0.4717 493
adirondack_chairs.ppm 756.9445266723633 37.01503245035808 0.822430689574755 0.9469 0.5026 501
adirondack_chairs.ppm 749.185791015625 36.25280253092448 0.8348660797550315 0.9453 0.5035 499
adirondack_chairs.ppm 692.6102193196615 36.51863606770833 0.8302396869601516 0.9343 0.5035 496
adirondack_chairs.ppm 748.93701171875 36.86632283528646 0.8268156481379242 0.9456 0.5058 497
adirondack_chairs.ppm 694.9380900065104 36.79222615559896 0.8257412708411308 0.9452 0.5049 497
adirondack_chairs.ppm 862.9537938435872 38.38490549723307 0.8177655614199417 0.9367 0.4850 492
adirondack_chairs.ppm 789.6972732543945 38.59834543863933 0.8239405084457451 0.9369 0.4810 505
adirondack_chairs.ppm 760.46923828125 37.8109385172526 0.8244750172570842 0.9402 0.4912 506
adirondack_chairs.ppm 878.6980768839518 39.03389231363932 0.8196289930771998 0.9356 0.4646 511
adirondack_chairs.ppm 730.8376592000326 37.37436167399088 0.82210584901344 0.9430 0.5044 496
astro_bodies.ppm 699.6260299682617 30.672701517740883 0.8091038207224651 0.8890 0.4336 501
astro_bodies.ppm 721.7987899780273 29.25713348388672 0.8098120084826478 0.9007 0.4756 502
astro_bodies.ppm 819.6736195882161 33.321390787760414 0.7994159276713072 0.8854 0.4379 502
astro_bodies.ppm 896.5552622477214 34.14386494954427 0.8110426620149496 0.8770 0.4110 488
astro_bodies.ppm 603.7737782796223 27.498753865559898 0.8137205445396579 0.8949 0.4497 488
astro_bodies.ppm 1116.0453211466472 37.80310312906901 0.8041115684680634 0.8928 0.4667 490
astro_bodies.ppm 665.9375559488932 29.28363545735677 0.8044589368863285 0.8961 0.4549 492
astro_bodies.ppm 971.8156204223633 34.54271697998047 0.7966480549473305 0.8925 0.4420 501
astro_bodies.ppm 633.9459126790365 30.026652018229168 0.8099702514350633 0.8957 0.4563 491
astro_bodies.ppm 727.2820485432943 30.562840779622398 0.8103404344180047 0.8908 0.4411 501
astro_bodies.ppm 563.6361872355143 27.136334737141926 0.8205689294234313 0.8978 0.4466 505
astro_bodies.ppm 659.0614395141602 29.027264912923176 0.8118403330761989 0.8943 0.4681 502
astro_bodies.ppm 766.8666839599609 31.459152221679688 0.803600921165013 0.8912 0.4638 487
astro_bodies.ppm 938.5898132324219 34.43253072102865 0.8035384438232839 0.8812 0.4318 496
astro_bodies.ppm 819.2093098958333 32.89994303385417 0.8062964608998232 0.8831 0.4488 494
astro_bodies.ppm 1105.2079900105794 37.83556874593099 0.7953076784741526 0.8778 0.4442 489
astro_bodies.ppm 816.7548421223958 32.474680582682296 0.8164940254336402 0.8919 0.4443 500
astro_bodies.ppm 1064.2461649576824 35.680389404296875 0.8053167780391791 0.8758 0.4332 503
astro_bodies.ppm 870.9994405110677 34.22292582194011 0.7981686639039799 0.8832 0.4437 513
astro_bodies.ppm 1428.0358606974282 42.34859975179036 0.7959449056575373 0.8727 0.4339 500
astronaut.ppm 508.22200775146484 30.871325174967446 0.8095893633254518 0.9001 0.4302 494
astronaut.ppm 801.8674392700195 37.226732889811196 0.77983548752165 0.8732 0.4308 501
astronaut.ppm 543.4449793497721 31.727821350097656 0.7984323193941908 0.8896 0.4658 491
astronaut.ppm 632.4271469116211 35.44920094807943 0.7781375085806507 0.8783 0.4168 491
astronaut.ppm 536.0604527791342 32.19359588623047 0.8004894756837903 0.9046 0.4412 491
astronaut.ppm 573.7060267130533 33.07317352294922 0.7967987427754094 0.8968 0.4134 492
astronaut.ppm 1297.4055887858074 44.91693623860677 0.7908243570883741 0.8769 0.4462 503
astronaut.ppm 485.7440083821615 30.19011433919271 0.8060753857482942 0.8975 0.4628 489
astronaut.ppm 604.3276519775391 34.67095438639323 0.7832650453711268 0.8742 0.4142 506
astronaut.ppm 427.982177734375 28.583109537760414 0.7943114459098837 0.8998 0.4192 488
astronaut.ppm 805.1123860677083 37.04535420735677 0.7843179008355837 0.8774 0.4295 499
astronaut.ppm 477.7737274169922 30.05517578125 0.7880527547115036 0.8849 0.4073 502
astronaut.ppm 431.96144358317054 27.38550567626953 0.8051338132463463 0.8940 0.4329 495
astronaut.ppm 575.9578348795573 31.664937337239586 0.7984762644309361 0.8947 0.4589 514
astronaut.ppm 497.30716705322266 29.40534210205078 0.8027338510797563 0.8951 0.4478 493
astronaut.ppm 423.1489791870117 28.012021382649742 0.8086379999275549 0.8978 0.4483 495
astronaut.ppm 638.8761901855469 35.14989217122396 0.7957024494634021 0.8890 0.4213 490
astronaut.ppm 468.25462849934894 28.573516845703125 0.799686719844452 0.8957 0.4198 496
astronaut.ppm 746.7579625447592 37.53376007080078 0.7760973184794384 0.8785 0.4472 511
astronaut.ppm 565.0945002237955 33.45099131266276 0.7920516611541197 0.8919 0.4408 496
balinese_dancer.ppm 459.68770599365234 21.13581085205078 0.8035452380867815 0.9173 0.4283 490
balinese_dancer.ppm 581.4505869547526 22.979039510091145 0.8143086124023281 0.9041 0.4158 500
balinese_dancer.ppm 674.9086023966471 23.9214604695638 0.8080965850012592 0.9027 0.3927 495
balinese_dancer.ppm 444.8136037190755 21.713607788085938 0.8147290834748038 0.8998 0.4042 489
balinese_dancer.ppm 538.4362614949545 21.82123565673828 0.8110834347399029 0.9258 0.4442 494
balinese_dancer.ppm 574.7506866455078 24.365748087565102 0.7848499706348613 0.8762 0.3738 498
balinese_dancer.ppm 481.02345530192054 22.45428212483724 0.8005945083675488 0.9222 0.4573 489
balinese_dancer.ppm 493.8407389322917 22.226618448893227 0.7936203388365689 0.9159 0.4378 490
balinese_dancer.ppm 654.1207224527994 25.712178548177086 0.8085914963649389 0.9076 0.4204 502
balinese_dancer.ppm 521.793352762858 24.663271586100258 0.7722411667365409 0.9011 0.4021 511
balinese_dancer.ppm 497.8284454345703 22.674540201822914 0.8101072964817572 0.9138 0.4354 492
balinese_dancer.ppm 588.7280985514324 24.462183634440102 0.7872458136457102 0.8786 0.3737 485
balinese_dancer.ppm 448.39028676350915 21.7377192179362 0.8018918357029031 0.9118 0.4276 489
balinese_dancer.ppm 518.1853535970052 23.24365234375 0.795981847066081 0.8951 0.3842 488
balinese_dancer.ppm 565.0421447753906 24.063913981119793 0.785991706082251 0.9096 0.4107 502
balinese_dancer.ppm 514.0786819458008 21.944002787272137 0.8027996205560369 0.9160 0.4239 501
balinese_dancer.ppm 393.0482610066732 19.486478169759117 0.8362285638184962 0.9134 0.4233 492
balinese_dancer.ppm 614.2576548258463 24.170572916666668 0.7907328773808225 0.9136 0.4325 489
balinese_dancer.ppm 444.05271657307946 20.6217524210612 0.8337306936644624 0.9220 0.4532 499
balinese_dancer.ppm 662.7883453369141 24.436559041341145 0.8000798872893432 0.9037 0.3847 501
ball_caps.ppm 573.2301839192708 31.272389729817707 0.8056313682526675 0.8894 0.3916 493
ball_caps.ppm 712.0888799031575 33.46641286214193 0.789414832241233 0.8850 0.4002 504
ball_caps.ppm 503.9586664835612 28.834251403808594 0.800131480317949 0.8932 0.4170 496
ball_caps.ppm 598.2475763956705 31.230201721191406 0.7970491297664882 0.8923 0.3916 503
ball_caps.ppm 575.5208257039388 30.63878631591797 0.7996589096390787 0.8940 0.3664 496
ball_caps.ppm 820.2508341471354 38.162333170572914 0.8020096106894222 0.8716 0.4347 494
ball_caps.ppm 751.3748931884766 36.028350830078125 0.7996977960782342 0.8798 0.4144 506
ball_caps.ppm 1158.2910181681314 41.654248555501304 0.7925130263395626 0.8833 0.4274 494
ball_caps.ppm 507.38615671793616 30.315076192220054 0.808837323043961 0.8961 0.3826 505
ball_caps.ppm 496.1793670654297 27.974400838216148 0.804676637667455 0.9210 0.4239 497
ball_caps.ppm 505.1636428833008 30.23920440673828 0.8109245220310898 0.8969 0.3714 501
ball_caps.ppm 542.6671829223633 30.923311869303383 0.794824374959973 0.8822 0.3601 497
ball_caps.ppm 437.5170669555664 27.393643697102863 0.801477831881433 0.9079 0.4186 496
ball_caps.ppm 571.2222010294596 31.882723490397137 0.80367316461557 0.8818 0.4082 500
ball_caps.ppm 560.0450846354167 31.325281778971355 0.7942931386254551 0.8905 0.4283 490
ball_caps.ppm 669.9141337076824 35.18894958496094 0.8013312206515563 0.8892 0.4052 489
ball_caps.ppm 524.6172561645508 30.106844584147133 0.7996308805039937 0.8805 0.3891 501
ball_caps.ppm 591.1562728881836 31.854555765787758 0.7999806110288014 0.8944 0.3955 500
ball_caps.ppm 652.409807840983 33.137306213378906 0.8101141998061824 0.8907 0.4399 499
ball_caps.ppm 556.6158396402996 31.983062744140625 0.8026019430225301 0.8950 0.4005 503
birthday_baloons.ppm 907.0107345581055 39.701403299967446 0.8479637889654175 0.8912 0.3804 496
birthday_baloons.ppm 564.804573059082 24.24584197998047 0.8459650879844639 0.9001 0.3836 501
birthday_baloons.ppm 687.5936889648438 35.512517293294266 0.840591799367543 0.8902 0.3743 495
birthday_baloons.ppm 922.4374287923177 42.46450297037761 0.846208939526823 0.8935 0.3751 490
birthday_baloons.ppm 697.7398427327473 31.51074727376302 0.8356542611997723 0.8908 0.3814 502
birthday_baloons.ppm 1390.9716898600261 46.62610880533854 0.8400626334056085 0.8757 0.3645 499
birthday_baloons.ppm 716.2082494099934 32.25411732991537 0.8406439146877561 0.8902 0.3868 501
birthday_baloons.ppm 807.8483530680339 33.04442342122396 0.842959450841959 0.8881 0.3923 652
birthday_baloons.ppm 546.633196512858 25.42944590250651 0.840112560979645 0.8964 0.3869 487
birthday_baloons.ppm 1460.470194498698 43.92142740885417 0.8301827498746158 0.8620 0.3487 494
birthday_baloons.ppm 1040.085978190104 37.368387858072914 0.8398447500293033 0.8861 0.3921 487
birthday_baloons.ppm 885.9212697347004 38.453460693359375 0.8443342211935785 0.8972 0.3861 491
birthday_baloons.ppm 1155.792724609375 43.583140055338546 0.8340827396977247 0.8826 0.3749 498
birthday_baloons.ppm 799.4368540445964 31.348373413085938 0.84170519588776 0.8809 0.3335 486
birthday_baloons.ppm 846.7213465372722 38.75262705485026 0.8404104641089724 0.8854 0.3672 490
birthday_baloons.ppm 1009.6890360514324 37.14312235514323 0.8385425368493703 0.8776 0.3462 502
birthday_baloons.ppm 1806.4855295817056 47.32368977864583 0.8351522813883959 0.8575 0.3685 493
birthday_baloons.ppm 630.1225916544597 26.4248784383138 0.8359443547998273 0.8880 0.3455 493
birthday_baloons.ppm 555.914176940918 26.425387064615883 0.8456867297794082 0.8907 0.3477 498
birthday_baloons.ppm 883.1087468465169 37.26967112223307 0.8390370327287049 0.8889 0.3839 503
birthday_baloons.ppm 511.3212305704752 23.234525044759113 0.8274941594678316 0.8839 0.3432 501
birthday_baloons.ppm 801.1644744873047 34.63670349121094 0.8389630160022161 0.8872 0.3622 496
birthday_baloons.ppm 540.6773808797201 24.988466898600258 0.8439304051308016 0.8927 0.3626 492
birthday_baloons.ppm 914.6562423706055 40.40528106689453 0.8327348155046862 0.8871 0.3645 494
birthday_baloons.ppm 948.9055608113606 36.87231190999349 0.8457290720579939 0.8865 0.3943 491
birthday_baloons.ppm 648.7417627970378 32.5497563680013 0.8401200350430761 0.8929 0.3676 492
birthday_baloons.ppm 675.2674509684246 34.82833353678385 0.8370961183939999 0.8948 0.3912 512
birthday_baloons.ppm 1238.5861689249675 46.046155293782554 0.8360917236871218 0.8751 0.3763 489
bosnian_pine_needle.ppm 1396.7472864786785 50.555442810058594 0.924905851764304 0.9472 0.4523 502
bosnian_pine_needle.ppm 1716.6843897501628 58.015647888183594 0.9226941991812679 0.9531 0.4560 499
bosnian_pine_needle.ppm 1381.0030059814453 52.062739054361984 0.9155363073078621 0.9364 0.4371 511
bosnian_pine_needle.ppm 2577.3437576293945 71.33665720621744 0.9151498013182365 0.9440 0.4545 497
bosnian_pine_needle.ppm 740.8882649739584 37.048655192057296 0.9257468761162985 0.9533 0.4650 510
bosnian_pine_needle.ppm 3706.865613301595 76.55171966552734 0.9064693368355404 0.9274 0.4766 489
bosnian_pine_needle.ppm 746.5714009602865 35.69110107421875 0.9181898537159946 0.9522 0.4436 492
bosnian_pine_needle.ppm 807.420992533366 38.73524729410807 0.9215306040508556 0.9542 0.4513 504
bosnian_pine_needle.ppm 1028.2395782470703 45.418818155924484 0.9232290056626132 0.9550 0.4736 497
bosnian_pine_needle.ppm 432.7866846720377 24.28075917561849 0.9276573984446704 0.9660 0.4878 490
bosnian_pine_needle.ppm 1774.3752415974936 44.948438008626304 0.915902509383824 0.9501 0.4723 494
bosnian_pine_needle.ppm 1156.7275873819988 43.18696848551433 0.9201905804236072 0.9582 0.4713 487
bosnian_pine_needle.ppm 1384.4446487426758 53.70706431070964 0.9202421199464079 0.9471 0.4587 484
bosnian_pine_needle.ppm 1142.346440633138 43.600728352864586 0.9209224325395562 0.9482 0.4621 501
bosnian_pine_needle.ppm 764.2320276896158 36.69879404703776 0.9232664399055399 0.9513 0.4451 489
bosnian_pine_needle.ppm 1789.4394454956055 60.99885813395183 0.9169000982613373 0.9488 0.4594 503
bosnian_pine_needle.ppm 702.9922790527344 32.543279012044266 0.9226713676902843 0.9521 0.4742 494
bosnian_pine_needle.ppm 1519.1635615030923 54.01317087809245 0.9172143716580506 0.9447 0.4347 488
bosnian_pine_needle.ppm 830.0633544921875 41.575408935546875 0.9187118808473969 0.9544 0.4583 509
bosnian_pine_needle.ppm 682.8489786783855 31.74706013997396 0.9239437119176642 0.9565 0.4625 489
buggy.ppm 601.0951588948568 32.11982727050781 0.7889511125974753 0.8985 0.4163 500
buggy.ppm 578.7272389729817 31.684056599934895 0.8033096218703689 0.8925 0.4201 495
buggy.ppm 675.9219360351562 35.17083740234375 0.7820041341434344 0.8977 0.4277 502
buggy.ppm 531.2169189453125 31.100189208984375 0.784316772083887 0.8853 0.4295 493
buggy.ppm 629.4469985961914 34.2416508992513 0.7711944320635792 0.8823 0.3968 491
buggy.ppm 662.1439615885417 34.667597452799484 0.7922271905399431 0.8780 0.3926 488
buggy.ppm 619.612782796224 34.78632609049479 0.7788727554446564 0.8762 0.3827 502
buggy.ppm 709.0995254516602 35.353599548339844 0.7862907736435051 0.8756 0.4088 488
buggy.ppm 667.4121653238932 36.45515441894531 0.789049253879975 0.8898 0.4189 494
buggy.ppm 653.0609944661459 34.71980794270833 0.7876856150904716 0.8898 0.3974 501
buggy.ppm 639.8753280639648 35.82231903076172 0.7916501415390561 0.9014 0.4489 494
buggy.ppm 606.969123840332 34.65363311767578 0.7869255762920057 0.8922 0.4225 504
buggy.ppm 592.7420603434244 34.05034383138021 0.799819887713138 0.8998 0.4527 501
buggy.ppm 554.462496439616 31.30127207438151 0.8109269888159982 0.8891 0.3996 501
buggy.ppm 1100.336161295573 45.01523335774739 0.769429666004876 0.8584 0.3721 486
buggy.ppm 639.6308568318685 34.83523813883463 0.7857385734320772 0.8960 0.4254 491
buggy.ppm 669.2164408365885 34.66205342610677 0.7916235471569503 0.8700 0.3659 489
buggy.ppm 452.21142069498694 28.431111653645836 0.7943148287966185 0.8992 0.4418 503
buggy.ppm 710.7721837361654 36.63705698649089 0.7763903719014927 0.8752 0.3811 490
buggy.ppm 632.0439249674479 33.99897257486979 0.7884874769214277 0.8905 0.4174 489
calaveras.ppm 877.3073654174805 36.57254282633463 0.8192044962355247 0.9482 0.4687 502
calaveras.ppm 807.9615376790365 35.16590372721354 0.8235618744081826 0.9490 0.4686 506
calaveras.ppm 814.1707051595051 36.062469482421875 0.8216636012743358 0.9502 0.4899 499
calaveras.ppm 998.20654296875 38.36946614583333 0.8195729659962252 0.9395 0.4433 501
calaveras.ppm 949.4226938883464 37.82515970865886 0.8193055648702375 0.9434 0.4555 493
calaveras.ppm 801.6995697021484 35.92354838053385 0.8133489585183392 0.9452 0.4721 488
calaveras.ppm 961.6091664632161 36.70284525553385 0.8271792638743496 0.9373 0.4314 514
calaveras.ppm 960.4884490966797 37.19610595703125 0.8208167266323866 0.9393 0.4537 513
calaveras.ppm 770.2138671875 35.82336934407552 0.8230920814860406 0.9393 0.4761 485
calaveras.ppm 834.5496088663737 36.52738698323568 0.8237451882822203 0.9468 0.4702 489
calaveras.ppm 896.6412760416667 37.622111002604164 0.8167604424495254 0.9440 0.4598 502
calaveras.ppm 871.3662439982097 36.65232594807942 0.8203748351343897 0.9472 0.4720 499
calaveras.ppm 979.9609476725261 38.07821146647136 0.8190113773795327 0.9391 0.4479 491
calaveras.ppm 938.0752054850261 37.036870320638016 0.8112703715332362 0.9439 0.4610 515
calaveras.ppm 944.4546076456706 36.593162536621094 0.8253789941356788 0.9341 0.4507 494
calaveras.ppm 950.9058634440105 36.7140146891276 0.8225190754991439 0.9456 0.4638 491
calaveras.ppm 810.429931640625 35.87589009602864 0.8158575953558511 0.9431 0.4708 492
calaveras.ppm 1045.9025853474936 38.361854553222656 0.8211878156018813 0.9312 0.4319 495
calaveras.ppm 922.5274810791016 36.520696004231766 0.8211515454476127 0.9431 0.4645 497
calaveras.ppm 967.2658615112305 37.882301330566406 0.8192613766440472 0.9367 0.4420 500
carrots.ppm 819.5708160400391 37.06261189778646 0.9019089904154308 0.9504 0.4974 487
carrots.ppm 634.4530995686848 33.48326110839844 0.9032448457832526 0.9474 0.5267 488
carrots.ppm 786.9274368286133 37.361340840657554 0.8953327612684397 0.9464 0.5168 502
carrots.ppm 738.7494684855143 37.79667409261068 0.8968826769483268 0.9557 0.5308 486
carrots.ppm 805.7726414998372 37.60420481363932 0.8845862729246572 0.9436 0.5359 485
carrots.ppm 688.8233057657877 35.65926869710287 0.9002365321165223 0.9583 0.5212 494
carrots.ppm 558.8552627563477 31.98689524332682 0.8880563904703219 0.9535 0.5490 491
carrots.ppm 770.5385691324869 35.09347025553385 0.8941838680666404 0.9503 0.5078 494
carrots.ppm 809.8362121582031 39.327702840169266 0.8996735641836167 0.9565 0.5159 493
carrots.ppm 818.484858194987 38.08274332682292 0.8891520530299754 0.9481 0.4994 491
carrots.ppm 606.0134938557943 33.7493896484375 0.9051511449899571 0.9581 0.5099 484
carrots.ppm 550.4766693115234 31.259923299153648 0.9092238310043917 0.9620 0.5238 501
carrots.ppm 771.4641672770182 36.931671142578125 0.8989158274526406 0.9459 0.5493 510
carrots.ppm 790.9027582804362 37.58889516194662 0.8917310983061798 0.9386 0.5336 486
carrots.ppm 882.4668833414714 39.77190653483073 0.8953727665728403 0.9500 0.5433 485
carrots.ppm 732.8801091512045 36.94037628173828 0.899242070236534 0.9538 0.5296 503
carrots.ppm 698.9923655192057 35.30373128255208 0.9004832003914891 0.9478 0.5175 496
carrots.ppm 1024.2384033203125 42.549458821614586 0.8910631776319291 0.9362 0.5406 500
carrots.ppm 674.4950408935547 34.85687255859375 0.9035134527500633 0.9545 0.5160 492
carrots.ppm 879.7647145589192 38.6716054280599 0.8975200277387546 0.9441 0.5438 483
chalk_pastels.ppm 613.8422292073568 31.549575805664062 0.7791210543221293 0.9163 0.4425 490
chalk_pastels.ppm 585.7560577392578 32.85077412923177 0.7919407774600673 0.9220 0.4485 493
chalk_pastels.ppm 753.9623235066732 37.16108957926432 0.7767741929722591 0.9073 0.4086 501
chalk_pastels.ppm 660.65931447347 35.48080190022787 0.771556864955123 0.9239 0.4186 486
chalk_pastels.ppm 680.6787109375 35.303558349609375 0.7781640110282163 0.9223 0.4091 495
chalk_pastels.ppm 622.1940205891927 33.6771494547526 0.7791599460025255 0.9305 0.4282 512
chalk_pastels.ppm 580.031982421875 32.43830871582031 0.7905748147495738 0.9243 0.4145 491
chalk_pastels.ppm 608.8711191813152 32.855010986328125 0.7692744742180504 0.9337 0.4318 498
chalk_pastels.ppm 491.2131983439128 30.419888814290367 0.7758006403642427 0.9387 0.4449 494
chalk_pastels.ppm 531.5253880818685 31.69722239176432 0.7711351209762043 0.9438 0.4579 517
chalk_pastels.ppm 889.2362899780273 36.48430633544922 0.7846999937566276 0.8920 0.4461 510
chalk_pastels.ppm 664.7574564615885 32.19786071777344 0.7817812847356486 0.8862 0.4472 494
chalk_pastels.ppm 630.7570673624674 33.93747202555338 0.7612848702646277 0.9216 0.4367 506
chalk_pastels.ppm 671.9406661987305 34.18180592854818 0.7689360057661996 0.9244 0.4177 504
chalk_pastels.ppm 681.4124196370442 33.57463582356771 0.7783498023618803 0.8777 0.4130 508
chalk_pastels.ppm 623.2545267740885 33.31845601399739 0.778384945746526 0.9277 0.4102 495
chalk_pastels.ppm 636.1431376139323 33.335988362630204 0.7571620812324902 0.9134 0.4215 498
chalk_pastels.ppm 782.6754506429037 36.85239156087239 0.7664690347735609 0.9006 0.4351 526
chalk_pastels.ppm 647.1350402832031 33.977177937825516 0.7744902161065745 0.9131 0.4220 496
chalk_pastels.ppm 707.471804300944 34.32776641845703 0.7752456461768312 0.9162 0.4311 506
chalk_pastels.ppm 565.1078923543295 31.861737569173176 0.7724065194677635 0.9263 0.4189 512
chalk_pastels.ppm 670.823008219401 35.463124593098954 0.7769706203445716 0.9198 0.3821 495
chalk_pastels.ppm 767.3327280680338 36.44300842285156 0.7729899781373281 0.9043 0.3852 514
chalk_pastels.ppm 549.6898600260416 31.71265665690104 0.792848912172056 0.9312 0.4288 499
chalk_pastels.ppm 564.5793151855469 32.55748494466146 0.7770802221967985 0.9244 0.4235 501
chalk_pastels.ppm 657.7715784708658 33.59204355875651 0.7663439824641504 0.8762 0.4228 499
chalk_pastels.ppm 699.2160873413086 36.00311024983724 0.7669204295068863 0.9267 0.4329 504
chalk_pastels.ppm 646.8338063557943 35.14574178059896 0.784690885289714 0.9388 0.4237 513
chalk_pastels.ppm 561.6684265136719 31.965418497721355 0.7830266112322218 0.9217 0.4353 515
chicken_dish.ppm 640.4617156982422 32.238810221354164 0.8012752337618748 0.9000 0.4470 513
chicken_dish.ppm 702.4980392456055 33.445823669433594 0.8041675491115794 0.9011 0.4445 511
chicken_dish.ppm 631.1540501912435 31.16899871826172 0.8044373004077459 0.9043 0.4346 496
chicken_dish.ppm 941.1675694783528 38.248558044433594 0.7933326548565273 0.8945 0.4296 501
chicken_dish.ppm 719.2003529866536 32.30622863769531 0.805407525148135 0.9136 0.4568 504
chicken_dish.ppm 723.739397684733 32.26972198486328 0.8003117635257713 0.8925 0.4435 509
chicken_dish.ppm 1021.7443567911785 36.74272918701172 0.7808619884500817 0.8759 0.4499 505
chicken_dish.ppm 730.5703099568684 33.411460876464844 0.80843142896444 0.9108 0.4670 508
chicken_dish.ppm 790.4056167602539 35.61603037516276 0.8037671604525173 0.8999 0.4114 508
chicken_dish.ppm 662.3887405395508 32.54534149169922 0.8105022741277054 0.9183 0.4746 501
chicken_dish.ppm 874.166613260905 36.00494639078776 0.7998771999667547 0.9054 0.4424 503
chicken_dish.ppm 833.2847646077473 35.86903381347656 0.7918275106528004 0.8901 0.4274 509
chicken_dish.ppm 663.5331370035808 33.611297607421875 0.8021553320037804 0.9114 0.4268 512
chicken_dish.ppm 825.0040079752605 34.605244954427086 0.8066886680385256 0.8884 0.4663 499
chicken_dish.ppm 783.0161921183269 35.13993581136068 0.7976986168497874 0.8973 0.4386 499
chicken_dish.ppm 1168.9821701049805 41.66822560628255 0.7896807393938462 0.8761 0.4135 520
chicken_dish.ppm 718.3316497802734 34.44846598307292 0.791249812925887 0.9066 0.4483 512
chicken_dish.ppm 582.8190790812175 31.08695729573568 0.8075324061403876 0.9294 0.4726 510
chicken_dish.ppm 935.0945638020833 37.68956502278646 0.793172291526245 0.9029 0.4413 497
chicken_dish.ppm 717.7935918172201 33.181399027506515 0.7984825387980132 0.9022 0.4424 499
chili_peppers.ppm 843.6481196085612 39.48384348551433 0.8408821660638135 0.9235 0.4486 504
chili_peppers.ppm 838.8125864664714 39.826009114583336 0.8482460277039782 0.9187 0.4571 502
chili_peppers.ppm 805.3534469604492 39.30642445882162 0.8437017887831756 0.9284 0.4466 504
chili_peppers.ppm 796.3082148234049 38.50817616780599 0.8508598904434684 0.9319 0.4627 516
chili_peppers.ppm 798.3225733439128 38.614697774251304 0.8521294936630381 0.9300 0.4543 505
chili_peppers.ppm 839.5859451293945 39.452552795410156 0.8455943897022183 0.9151 0.4616 506
chili_peppers.ppm 845.3051452636719 39.1652577718099 0.8474312582840282 0.9175 0.4666 510
chili_peppers.ppm 752.4269739786785 37.367347717285156 0.8540845574147085 0.9267 0.4505 504
chili_peppers.ppm 907.2688013712565 40.479932149251304 0.84298709659888 0.9115 0.4500 501
chili_peppers.ppm 818.8864415486653 38.782361348470054 0.8482200520398261 0.9296 0.4473 501
chili_peppers.ppm 993.4325154622395 42.33757019042969 0.8363865489377228 0.9207 0.4446 508
chili_peppers.ppm 982.0092875162761 42.80499267578125 0.8381423140932783 0.9157 0.4430 505
chili_peppers.ppm 774.8856913248699 38.78596496582031 0.8419269921269407 0.9280 0.4526 504
chili_peppers.ppm 851.601442972819 39.471656799316406 0.8467642520813303 0.9305 0.4575 500
chili_peppers.ppm 939.5917409261067 41.281667073567704 0.8362591214556331 0.9196 0.4503 503
chili_peppers.ppm 773.9774169921875 38.72991943359375 0.8406474298125831 0.9365 0.4580 502
chili_peppers.ppm 797.2642440795898 39.23617299397786 0.8439522607234647 0.9267 0.4401 506
chili_peppers.ppm 972.5182749430338 41.97862752278646 0.8339153424283752 0.9118 0.4543 500
chili_peppers.ppm 815.1302185058594 38.4343007405599 0.8538950486550289 0.9397 0.4746 500
chili_peppers.ppm 872.5441411336263 40.201316833496094 0.8387928342241976 0.9291 0.4610 511
clownfish.ppm 749.7390797932943 35.505228678385414 0.7606537234680489 0.8735 0.3564 504
clownfish.ppm 789.2338333129883 35.47903696695963 0.7563619480887477 0.8963 0.3925 503
clownfish.ppm 730.9766260782878 35.829307556152344 0.7379349102866798 0.8714 0.3678 514
clownfish.ppm 676.2951736450195 33.61018625895183 0.7735486319522731 0.8978 0.3941 518
clownfish.ppm 807.3816299438477 36.964027404785156 0.7572558325469578 0.8837 0.3777 496
clownfish.ppm 686.3540878295898 34.531089782714844 0.7672096938787828 0.8968 0.4010 510
clownfish.ppm 1161.6764755249023 42.48360951741537 0.7382255709114657 0.8644 0.3523 497
clownfish.ppm 710.2301839192709 36.102142333984375 0.7513289514387993 0.8804 0.4058 509
clownfish.ppm 775.3872934977213 37.69633992513021 0.7326524292911314 0.8827 0.3818 513
clownfish.ppm 739.5117263793945 36.35931650797526 0.7444646272839162 0.9002 0.4054 508
clownfish.ppm 851.2857487996419 39.238293965657554 0.742512258925097 0.8789 0.4078 508
clownfish.ppm 938.3718516031901 40.51678466796875 0.7562421068655049 0.8794 0.3919 502
clownfish.ppm 945.1913401285807 39.46355692545573 0.7606621415745477 0.8877 0.3862 496
clownfish.ppm 793.6386260986328 37.166005452473954 0.742850665116804 0.8881 0.3937 502
clownfish.ppm 809.3851267496744 37.357147216796875 0.7403399747970377 0.8549 0.3517 509
clownfish.ppm 971.7464167277018 39.62258656819662 0.7351927947567397 0.8857 0.3852 498
clownfish.ppm 657.1372350056965 33.544883728027344 0.7553460064487066 0.8968 0.3856 508
clownfish.ppm 875.7868957519531 38.973358154296875 0.7554737181822264 0.8746 0.3671 496
clownfish.ppm 811.422747294108 37.23054758707683 0.7589443124506796 0.8922 0.3998 502
clownfish.ppm 701.8882420857748 34.45727284749349 0.7544184947091853 0.9006 0.4053 504
color_chart.ppm 1668.0874048868814 47.56626637776693 0.7590273978990116 0.8906 0.4769 499
color_chart.ppm 1598.512092590332 47.23052724202474 0.7556851263124282 0.8907 0.4600 502
color_chart.ppm 1602.6056365966797 46.32939147949219 0.7645745163409202 0.9017 0.4954 495
color_chart.ppm 2013.4209060668945 50.86068979899089 0.7476093769064088 0.8873 0.4617 494
color_chart.ppm 1233.3380839029949 42.20259602864583 0.7757552098639771 0.9059 0.4953 506
color_chart.ppm 1208.8737335205078 40.97409566243489 0.7768655453149099 0.9006 0.4975 499
color_chart.ppm 1280.6935475667317 42.3369394938151 0.7813670667788627 0.9056 0.4923 498
color_chart.ppm 1386.9063135782878 43.948865254720054 0.7685264205496455 0.9024 0.4816 497
color_chart.ppm 1229.3266372680664 41.44562021891276 0.7854831163932454 0.9200 0.5134 511
color_chart.ppm 1763.1978785196939 49.88999684651692 0.7590072840880836 0.8865 0.4755 502
color_chart.ppm 1045.3101603190103 38.098409016927086 0.7850279729402688 0.9176 0.5134 498
color_chart.ppm 1376.6634140014648 43.75185902913412 0.7662982228733037 0.9094 0.4942 501
color_chart.ppm 1405.6207173665366 43.90031433105469 0.7691314792049608 0.8966 0.4745 514
color_chart.ppm 1265.4461924235025 42.913289388020836 0.7699155630609243 0.8972 0.4910 516
color_chart.ppm 1196.548464457194 41.44909922281901 0.7775697355256526 0.9094 0.4958 520
color_chart.ppm 1341.0637257893882 43.42894999186198 0.7703445142942685 0.9019 0.4922 511
color_chart.ppm 2028.5258738199868 50.98396809895833 0.7623585332830117 0.8873 0.4551 496
color_chart.ppm 1555.2472534179688 45.54976908365885 0.7639067097782578 0.9013 0.4664 502
color_chart.ppm 1600.5968475341797 47.74215189615886 0.7566100380692976 0.8930 0.4746 506
color_chart.ppm 1596.4536844889321 47.20209248860677 0.7603490926773274 0.8881 0.4548 512
color_checker.ppm 1239.5391845703125 44.88073221842448 0.8981528559996929 0.9621 0.6390 517
color_checker.ppm 1287.5071283976235 39.85434214274088 0.9002071854775954 0.9437 0.6366 495
color_checker.ppm 665.8723119099935 30.97447967529297 0.9144429200468723 0.9749 0.7140 506
color_checker.ppm 972.8662007649739 39.108744303385414 0.9037332457912234 0.9475 0.6106 498
color_checker.ppm 672.3393503824869 32.018747965494796 0.9068936756538414 0.9556 0.6291 509
color_checker.ppm 1219.7307662963867 43.80658721923828 0.9023250869207726 0.9481 0.6186 514
color_checker.ppm 1158.835116068522 40.80392201741536 0.9180469619781051 0.9580 0.6756 504
color_checker.ppm 930.5872980753581 36.209414164225265 0.8974502895051191 0.9523 0.6317 501
color_checker.ppm 742.0618947347004 32.84014892578125 0.9117560899759262 0.9590 0.6209 498
color_checker.ppm 1021.6724294026692 40.55306498209636 0.9118353818024286 0.9650 0.6717 512
color_checker.ppm 836.2247517903645 34.3609364827474 0.9163784570869101 0.9560 0.6376 501
color_checker.ppm 993.0836970011393 39.15445200602213 0.9164684384868443 0.9561 0.6557 503
color_checker.ppm 785.5741475423177 32.60865783691406 0.9167242821542256 0.9613 0.6287 498
color_checker.ppm 1542.9033991495767 47.198778788248696 0.9040157988104442 0.9550 0.6430 512
color_checker.ppm 1238.9032135009766 43.332489013671875 0.9063314981062356 0.9449 0.6162 501
color_checker.ppm 1279.5281092325847 44.02643076578776 0.8997184646653921 0.9525 0.6113 512
color_checker.ppm 1334.726885477702 42.84877268473308 0.9137024344744522 0.9485 0.6244 502
color_checker.ppm 1182.8498407999675 44.92992401123047 0.9022210441802985 0.9488 0.6306 518
color_checker.ppm 937.8424123128256 34.82179768880208 0.9016656935284614 0.9606 0.6620 503
color_checker.ppm 1163.6084493001301 40.599772135416664 0.9067836947381901 0.9649 0.6727 496
coloring_pencils.ppm 810.4690068562826 37.82394663492839 0.7368518371922391 0.8743 0.4162 503
coloring_pencils.ppm 850.1976903279622 39.31061553955078 0.7324342612594719 0.8925 0.4350 505
coloring_pencils.ppm 837.0244420369465 37.889757792154946 0.7271052638153493 0.8824 0.4381 502
coloring_pencils.ppm 841.6011708577474 39.172637939453125 0.7417308420766697 0.8722 0.4516 509
coloring_pencils.ppm 842.4799626668295 38.641537984212235 0.7230035133909455 0.8836 0.4254 508
coloring_pencils.ppm 679.5370381673177 35.33905537923177 0.7363400390695244 0.8653 0.4003 500
coloring_pencils.ppm 1017.0940602620442 40.16678365071614 0.728832874046564 0.8883 0.4466 505
coloring_pencils.ppm 1200.4979095458984 44.71995544433594 0.7106970318981108 0.8802 0.4161 496
coloring_pencils.ppm 846.8779424031575 38.14642588297526 0.7313884101176772 0.8916 0.4432 509
coloring_pencils.ppm 681.6461817423503 34.42529042561849 0.7239569761976853 0.8740 0.3797 509
coloring_pencils.ppm 730.9958852132162 35.933954874674484 0.7284222180846077 0.8762 0.4034 509
coloring_pencils.ppm 818.0003890991211 39.46183522542318 0.721410559642916 0.8826 0.4333 504
coloring_pencils.ppm 993.7839635213215 40.96717071533203 0.7341095684980337 0.8909 0.4536 512
coloring_pencils.ppm 1026.4601338704426 42.01787312825521 0.7343705153767314 0.8987 0.4494 513
coloring_pencils.ppm 721.3889694213867 34.485191345214844 0.7358372519336709 0.8736 0.4115 506
coloring_pencils.ppm 821.7389297485352 37.48849232991537 0.7411675513251007 0.8957 0.4498 508
coloring_pencils.ppm 804.7351099650066 37.051684061686196 0.7361872790294322 0.9002 0.4475 502
coloring_pencils.ppm 800.2679417928059 35.99934641520183 0.7336912962172493 0.8755 0.4271 495
coloring_pencils.ppm 983.1858418782551 39.52361551920573 0.7279305545947318 0.8728 0.4017 505
coloring_pencils.ppm 655.4117406209309 34.29181162516276 0.7429849614920508 0.8879 0.4335 509
columbia_crew.ppm 654.790293375651 35.117741902669266 0.8078942214499015 0.9389 0.4830 516
columbia_crew.ppm 557.374501546224 32.63221740722656 0.7971891159649013 0.9274 0.4637 498
columbia_crew.ppm 624.141451517741 34.53410085042318 0.7997551677819835 0.9276 0.4633 512
columbia_crew.ppm 768.9960606892903 37.30727895100912 0.798015942622106 0.9273 0.4304 498
columbia_crew.ppm 707.5778834025065 35.880673726399735 0.8084778207382358 0.9321 0.4434 514
columbia_crew.ppm 730.3405583699544 36.856178283691406 0.7893573992426429 0.9220 0.4428 503
columbia_crew.ppm 590.647575378418 32.86623891194662 0.8059357252619263 0.9331 0.4646 505
columbia_crew.ppm 650.8694305419922 34.91796366373698 0.8016046078794613 0.9346 0.4882 514
columbia_crew.ppm 693.3424530029297 36.071868896484375 0.7922010623614962 0.9362 0.4730 513
columbia_crew.ppm 560.9498316446941 32.48405202229818 0.8018452189579625 0.9340 0.4714 503
columbia_crew.ppm 880.6827952067058 39.47272745768229 0.8028608930656042 0.9265 0.4504 514
columbia_crew.ppm 698.6651916503906 36.432637532552086 0.790009155221956 0.9326 0.4907 498
columbia_crew.ppm 640.4328918457031 34.72948201497396 0.8007675971937869 0.9156 0.4253 500
columbia_crew.ppm 601.6653493245443 33.48333231608073 0.7922713555292402 0.9258 0.4580 501
columbia_crew.ppm 581.374895731608 31.867780049641926 0.8261638751513788 0.9339 0.4754 511
columbia_crew.ppm 684.6072057088217 35.843701680501304 0.806728770755969 0.9137 0.4389 512
columbia_crew.ppm 757.6772511800131 37.530792236328125 0.7979172744007896 0.9343 0.4555 501
columbia_crew.ppm 863.9868748982747 40.84164683024088 0.7919731946253644 0.9270 0.4720 496
columbia_crew.ppm 910.7706680297852 40.88297780354817 0.7899212156402475 0.9256 0.4468 503
columbia_crew.ppm 811.9833450317383 39.216662089029946 0.7940465503218116 0.9279 0.4800 510
common_jezebel.ppm 527.7367401123047 29.911651611328125 0.8021177653197703 0.9186 0.4625 507
common_jezebel.ppm 647.531862894694 34.81843821207682 0.7744349815259222 0.8860 0.4161 498
common_jezebel.ppm 631.2673441569011 34.27493794759115 0.787900767186501 0.9194 0.4698 506
common_jezebel.ppm 734.1795450846354 35.068415323893234 0.8085706797928007 0.9058 0.4431 502
common_jezebel.ppm 695.241933186849 33.76879374186198 0.8156281215429665 0.9044 0.4536 500
common_jezebel.ppm 665.1108118693033 34.28077952067057 0.778456837820355 0.8973 0.4123 517
common_jezebel.ppm 659.1623738606771 33.605509440104164 0.7743389505822308 0.8853 0.3990 502
common_jezebel.ppm 630.2315724690756 34.55990091959635 0.778328457068138 0.8979 0.4328 494
common_jezebel.ppm 612.9562530517578 32.19767761230469 0.806026552251231 0.9037 0.4380 501
common_jezebel.ppm 821.1655807495117 33.39985911051432 0.791974270996561 0.8892 0.4307 499
common_jezebel.ppm 544.2753524780273 31.555666605631508 0.7732208088401628 0.8941 0.4073 511
common_jezebel.ppm 503.4975051879883 30.84828440348307 0.7940394203949129 0.8946 0.4308 523
common_jezebel.ppm 788.8064676920574 38.6756337483724 0.7719018744463614 0.8774 0.4265 504
common_jezebel.ppm 642.1670074462891 33.0022939046224 0.7919852528783574 0.8983 0.4251 501
common_jezebel.ppm 585.5788345336914 33.536766052246094 0.7775342157371545 0.8996 0.4377 507
common_jezebel.ppm 968.8333943684895 38.330596923828125 0.7830634393613733 0.8710 0.4178 502
common_jezebel.ppm 699.9031321207682 33.36664326985677 0.7893108893934248 0.8751 0.4235 508
common_jezebel.ppm 636.0369491577148 32.676918029785156 0.7952920187888868 0.9082 0.4610 525
common_jezebel.ppm 906.9217147827148 40.51116180419922 0.757018267104181 0.8585 0.4206 515
common_jezebel.ppm 876.9657541910808 34.63104248046875 0.775093608884609 0.9021 0.4458 501
common_lantanas.ppm 463.6509043375651 28.205235799153645 0.8194635622880556 0.9026 0.4348 499
common_lantanas.ppm 490.5887756347656 28.491063435872395 0.8260564309822076 0.8997 0.4339 503
common_lantanas.ppm 551.4632466634114 32.440673828125 0.8125357186043098 0.8890 0.4318 523
common_lantanas.ppm 559.0457458496094 30.411773681640625 0.812854468933729 0.8835 0.4044 498
common_lantanas.ppm 650.1379776000977 33.50793202718099 0.8104557968380296 0.8867 0.4166 498
common_lantanas.ppm 440.27448527018225 28.839177449544273 0.8145627729271784 0.8961 0.4382 499
common_lantanas.ppm 499.6363855997721 29.93119557698568 0.8157648368878835 0.8875 0.4072 501
common_lantanas.ppm 546.1057840983073 29.598347981770832 0.808646463507713 0.8940 0.4061 509
common_lantanas.ppm 548.1137161254883 31.902575174967446 0.8133374119975146 0.8766 0.4226 510
common_lantanas.ppm 506.6597188313802 30.963694254557293 0.8102417165271448 0.8888 0.4326 505
common_lantanas.ppm 558.0291748046875 30.461196899414062 0.8042913324012256 0.8802 0.4271 508
common_lantanas.ppm 503.4113311767578 29.077723185221352 0.8221609220762436 0.8812 0.4010 497
common_lantanas.ppm 537.6869023640951 30.251355489095054 0.8180230997749129 0.8912 0.4226 514
common_lantanas.ppm 796.8766047159831 36.82547251383464 0.797991597231199 0.8595 0.4014 511
common_lantanas.ppm 405.74084981282556 27.007420857747398 0.8199500501945717 0.8925 0.4126 502
common_lantanas.ppm 690.1081720987956 34.918271382649735 0.8103724778630261 0.8855 0.4234 499
common_lantanas.ppm 806.9485931396484 37.088368733723954 0.8068145299676712 0.8649 0.4025 509
common_lantanas.ppm 666.4333699544271 34.39205423990885 0.8162922005646536 0.8832 0.4289 520
common_lantanas.ppm 512.1150767008464 30.467910766601562 0.819390476341478 0.8872 0.4120 498
common_lantanas.ppm 693.2324498494465 32.70450083414714 0.811881016606906 0.8835 0.4102 502
cosmic_vista.ppm 578.6260884602865 32.09296162923177 0.8331532637731464 0.9171 0.4187 501
cosmic_vista.ppm 570.5818456013998 32.514976501464844 0.8337337353481639 0.9336 0.4216 497
cosmic_vista.ppm 537.247200012207 32.20111846923828 0.8406633647826071 0.9479 0.4445 510
cosmic_vista.ppm 583.0136642456055 32.416394551595054 0.8359127863225768 0.9315 0.4143 504
cosmic_vista.ppm 562.7107315063477 32.69307200113932 0.8298079412959461 0.9359 0.4366 502
cosmic_vista.ppm 698.4529724121094 35.75239054361979 0.8166058271802211 0.9120 0.4227 513
cosmic_vista.ppm 608.8828455607096 33.981163024902344 0.8214308216501925 0.9350 0.4113 512
cosmic_vista.ppm 609.6461410522461 33.31088511149088 0.8321221453385684 0.9318 0.4362 509
cosmic_vista.ppm 632.3059158325195 33.37793223063151 0.8371972429218912 0.9342 0.4650 508
cosmic_vista.ppm 615.4425404866536 34.121063232421875 0.8289726405102381 0.9344 0.4427 496
cosmic_vista.ppm 581.6255671183268 33.22820281982422 0.8345079000784997 0.9384 0.4476 495
cosmic_vista.ppm 548.8434778849283 32.402783711751304 0.8307375300655107 0.9369 0.4308 507
cosmic_vista.ppm 543.5397466023762 31.98932647705078 0.8381384504443247 0.9438 0.4431 509
cosmic_vista.ppm 596.1335296630859 33.78106180826823 0.8297292243071737 0.9300 0.4253 518
cosmic_vista.ppm 587.6035029093424 32.60675303141276 0.8286955216253477 0.9286 0.4254 503
cosmic_vista.ppm 531.4319712320964 31.595993041992188 0.8422883501612796 0.9421 0.4572 498
cosmic_vista.ppm 786.0920333862305 37.970237731933594 0.8141465502691858 0.9037 0.4340 498
cosmic_vista.ppm 558.3150202433268 32.981081644694015 0.8294008649962975 0.9427 0.4375 508
cosmic_vista.ppm 759.1704330444336 37.49438730875651 0.8151916064602714 0.9358 0.4721 522
cosmic_vista.ppm 561.1631978352865 32.60238138834635 0.832776314598901 0.9449 0.4453 509
craft_cards.ppm 583.6587448120117 24.69282786051432 0.8653221149948443 0.9322 0.5061 508
craft_cards.ppm 511.0363642374674 22.686261494954426 0.8617827898556637 0.9348 0.4829 492
craft_cards.ppm 432.0367228190104 21.719507853190102 0.8629992782157258 0.9278 0.4991 503
craft_cards.ppm 920.6381556193033 30.419995625813804 0.8658002930221113 0.9311 0.5019 491
craft_cards.ppm 558.3634847005208 24.013697306315105 0.8630563180708447 0.9380 0.5132 496
craft_cards.ppm 380.3538869222005 19.259414672851562 0.8694689372376376 0.9402 0.5247 500
craft_cards.ppm 422.4280420939127 19.739423116048176 0.8635511287444254 0.9252 0.5215 512
craft_cards.ppm 474.56703186035156 19.750106811523438 0.8684141996975808 0.9395 0.5345 494
craft_cards.ppm 467.90495808919275 21.825846354166664 0.8481706886085291 0.9229 0.5108 499
craft_cards.ppm 526.9087829589844 22.03303019205729 0.8589368152991973 0.9350 0.4951 495
craft_cards.ppm 2542.873695373535 46.556297302246094 0.8683678364985573 0.9229 0.4933 505
craft_cards.ppm 541.7482325236002 21.590731302897137 0.8670522020949957 0.9185 0.5166 507
craft_cards.ppm 671.4470189412434 27.230979919433594 0.8627051415874062 0.9333 0.4879 493
craft_cards.ppm 469.6358413696289 18.611127217610676 0.8695850495029288 0.9308 0.5077 500
craft_cards.ppm 538.8149185180664 24.423306783040363 0.8608370337197112 0.9319 0.4980 494
craft_cards.ppm 384.6198043823242 20.278826395670574 0.8748578929241461 0.9311 0.5200 513
craft_cards.ppm 598.9542083740234 20.947896321614582 0.8605843913100056 0.9359 0.5134 505
craft_cards.ppm 506.7820103963216 24.336794535319008 0.8651741395960695 0.9232 0.4794 505
craft_cards.ppm 532.9318720499674 22.240969340006508 0.8568503872424894 0.9367 0.4970 502
craft_cards.ppm 588.6153996785482 22.08515167236328 0.8693812492528683 0.9296 0.5180 510
crepe_paper.ppm 409.9084192911784 22.18414560953776 0.7015621560456985 0.9283 0.3138 502
crepe_paper.ppm 475.77685546875 24.578292846679688 0.6997931106273102 0.9099 0.2782 496
crepe_paper.ppm 543.8744990030924 26.221458435058594 0.7046886933289654 0.8525 0.2672 511
crepe_paper.ppm 766.7456563313801 31.310526529947914 0.6851445426204031 0.8949 0.3173 507
crepe_paper.ppm 865.3885930379231 32.23866017659505 0.6697322156853392 0.9003 0.2682 511
crepe_paper.ppm 512.5885213216146 24.513326009114582 0.6957885508796179 0.8956 0.2970 497
crepe_paper.ppm 558.0047276814779 25.095054626464844 0.7171444319306147 0.9422 0.3138 500
crepe_paper.ppm 496.8972142537435 24.706235249837242 0.6885515492911297 0.9092 0.2886 509
crepe_paper.ppm 1058.7989756266277 33.46613566080729 0.6685221133583082 0.8055 0.2535 525
crepe_paper.ppm 265.5978724161784 18.165504455566406 0.7185423088578912 0.9070 0.3206 525
