1 2 3 4 5 6 7 8 9 10 11 12 13 14 15 Tiempo

0.25671726 0.25671726 0.25671726 0.25671726 0.25671726 0.25671726 0.25671726 0.25671726 0.25671726 0.25671726 0.25671726 0.2489993 0.2489993 0.2489993 0.2489993 502

0.28725958 0.26537943 0.26537943 0.26537943 0.26537943 0.26537943 0.26537943 0.26537943 0.26537943 0.26537943 0.26537943 0.26537943 0.26537943 0.26537943 0.26537943 504

0.26131058 0.26131058 0.26131058 0.26131058 0.26131058 0.26131058 0.26131058 0.26131058 0.26131058 0.26131058 0.26131058 0.2554353 0.2554353 0.2554353 0.2554353 493

0.27814978 0.27814978 0.27814978 0.26648504 0.26648504 0.26648504 0.26648504 0.26648504 0.26648504 0.26648504 0.26648504 0.26648504 0.26648504 0.26648504 0.26648504 502

0.27803558 0.27803558 0.27803558 0.27803558 0.27803558 0.27803558 0.27803558 0.27799195 0.27799195 0.27799195 0.27259058 0.27259058 0.2611305 0.2611305 0.2611305 501

0.27747774 0.269917 0.269917 0.269917 0.269917 0.269917 0.269917 0.269917 0.269917 0.269917 0.269917 0.269917 0.269917 0.269917 0.269917 504

0.2840386 0.27286083 0.27286083 0.27286083 0.27286083 0.27286083 0.27286083 0.27286083 0.27286083 0.2594561 0.2594561 0.2594561 0.2594561 0.2594561 0.2594561 512

0.28646582 0.284585 0.284585 0.28400058 0.28180295 0.27912694 0.27912694 0.27912694 0.27454406 0.27454406 0.27454406 0.27111715 0.27111715 0.27111715 0.27111715 509

0.26631206 0.26631206 0.26631206 0.26631206 0.26631206 0.26631206 0.26631206 0.26631206 0.26631206 0.26631206 0.26631206 0.26631206 0.26631206 0.26631206 0.26631206 497

0.29938334 0.28323722 0.28323722 0.2733698 0.27318096 0.26908487 0.26908487 0.26908487 0.26908487 0.26908487 0.26908487 0.26908487 0.26908487 0.26908487 0.26908487 493

0.27614325 0.27614325 0.27258343 0.27258343 0.27258343 0.27258343 0.27258343 0.27258343 0.27258343 0.27258343 0.27214497 0.26889712 0.26889712 0.26889712 0.26889712 501

0.28528166 0.26456016 0.26456016 0.26456016 0.26456016 0.26456016 0.26456016 0.24883145 0.24883145 0.24883145 0.24883145 0.24883145 0.24883145 0.24883145 0.24883145 499

0.27869564 0.27869564 0.27869564 0.27869564 0.27869564 0.27423173 0.25692612 0.25692612 0.25692612 0.25692612 0.25692612 0.25692612 0.25692612 0.25692612 0.25692612 496

0.27036697 0.27036697 0.27036697 0.26620513 0.26103336 0.26103336 0.26103336 0.26103336 0.26103336 0.26103336 0.26103336 0.26103336 0.26103336 0.26103336 0.26103336 497

0.27839297 0.27839297 0.27839297 0.27839297 0.26487947 0.26487947 0.26487947 0.26487947 0.26487947 0.26487947 0.26487947 0.26487947 0.26487947 0.26487947 0.26487947 497

0.2800395 0.2800395 0.26814342 0.26814342 0.26814342 0.26814342 0.26814342 0.26814342 0.26814342 0.26814342 0.26795238 0.26795238 0.26795238 0.26795238 0.26795238 492

0.2859215 0.28538543 0.28538543 0.27478844 0.27478844 0.27478844 0.27478844 0.27478844 0.27478844 0.27478844 0.27478844 0.2680514 0.2677493 0.2677493 0.26750547 505

0.27719623 0.27178866 0.27178866 0.27164507 0.27164507 0.27099532 0.27099532 0.27099532 0.27099532 0.27099532 0.27099532 0.27099532 0.27099532 0.27099532 0.27099532 506

0.28115338 0.28115338 0.27778357 0.27778357 0.27778357 0.27778357 0.27778357 0.27715117 0.27715117 0.27715117 0.27715117 0.27140492 0.27140492 0.27140492 0.27140492 511

0.26698905 0.26698905 0.26671964 0.26671964 0.26671964 0.26671964 0.26671964 0.26671964 0.26671964 0.26671964 0.26671964 0.26671964 0.26671964 0.26671964 0.26671964 496

0.17498523 0.17498523 0.17498523 0.17498523 0.17498523 0.17498523 0.17498523 0.17498523 0.17498523 0.17498523 0.17498523 0.17498523 0.17498523 0.17498523 0.17498523 501

0.20253277 0.20253277 0.1824966 0.1824966 0.1824966 0.1824966 0.1824966 0.1824966 0.1824966 0.1818859 0.1818859 0.1818859 0.1818859 0.1818859 0.1818859 502

0.20583564 0.19067621 0.18845993 0.18845993 0.18845993 0.18845993 0.18845993 0.18845993 0.18432504 0.18432504 0.18432504 0.18432504 0.18432504 0.18432504 0.18432504 502

0.20085353 0.18806702 0.18806702 0.18806702 0.18806702 0.18806702 0.18806702 0.18806702 0.18806702 0.18806702 0.18806702 0.18806702 0.18806702 0.18806702 0.18806702 488

0.20851403 0.1945613 0.1945613 0.17998648 0.17998648 0.17998648 0.17998648 0.17998648 0.17998648 0.17998648 0.17998648 0.17998648 0.17998648 0.17998648 0.17998648 488

0.21167344 0.19991136 0.19991136 0.19374686 0.19374686 0.18986797 0.18047124 0.18047124 0.18047124 0.18047124 0.18047124 0.18047124 0.18047124 0.18047124 0.18047124 490

0.17689866 0.17689866 0.17689866 0.17689866 0.17689866 0.17689866 0.17689866 0.17689866 0.17689866 0.17689866 0.17689866 0.17689866 0.17689866 0.17689866 0.17689866 492

0.18446928 0.18446928 0.18446928 0.18446928 0.18446928 0.18446928 0.18446928 0.18446928 0.18446928 0.18446928 0.18446928 0.18446928 0.18446928 0.18446928 0.18446928 501

0.24325538 0.18877834 0.18877834 0.18877834 0.18877834 0.18877834 0.18877834 0.18877834 0.18672532 0.18672532 0.18672532 0.18672532 0.18672532 0.18672532 0.18672532 491

0.20375067 0.17222577 0.17222577 0.17222577 0.17222577 0.17222577 0.17222577 0.17222577 0.17222577 0.17222577 0.17222577 0.17222577 0.17222577 0.17222577 0.17222577 501

0.22313315 0.1934151 0.1934151 0.17782742 0.17782742 0.17782742 0.17782742 0.17782742 0.17782742 0.17782742 0.17782742 0.17782742 0.17782742 0.17782742 0.17782742 505

0.1799984 0.1799984 0.1799984 0.1799984 0.1799984 0.1799984 0.1799984 0.17603141 0.17603141 0.17603141 0.17603141 0.17603141 0.17603141 0.17603141 0.17603141 502

0.22680777 0.19464868 0.17672896 0.17672896 0.17672896 0.17672896 0.17672896 0.17672896 0.17672896 0.17672896 0.17672896 0.17672896 0.17672896 0.17672896 0.17672896 487

0.18970543 0.18970543 0.18970543 0.18970543 0.18970543 0.18970543 0.18970543 0.18970543 0.18970543 0.17881346 0.17881346 0.17881346 0.17881346 0.17881346 0.17881346 496

0.18021321 0.18021321 0.18021321 0.18021321 0.18021321 0.18021321 0.18021321 0.18021321 0.18021321 0.18021321 0.18021321 0.18021321 0.18021321 0.18021321 0.18021321 494

0.2869234 0.18997526 0.18395275 0.18395275 0.18395275 0.18395275 0.18395275 0.18395275 0.18395275 0.18378073 0.18378073 0.18378073 0.18378073 0.18378073 0.1824792 489

0.18233532 0.18233532 0.18233532 0.18233532 0.17785424 0.17785424 0.17785424 0.17785424 0.17785424 0.17785424 0.17785424 0.17785424 0.17785424 0.17785424 0.17785424 500

0.22014827 0.20783877 0.20783877 0.20027351 0.20027351 0.18747187 0.18747187 0.18747187 0.18747187 0.18747187 0.18747187 0.18673974 0.18673974 0.1839652 0.1839652 503

0.19630986 0.19630986 0.19630986 0.19456309 0.19456309 0.18886536 0.18886536 0.18886536 0.18886536 0.18886536 0.1888321 0.18380982 0.18380982 0.18380982 0.18380982 513

0.2341358 0.22718167 0.18959689 0.18751603 0.18751603 0.18751603 0.18751603 0.18751603 0.18751603 0.18751603 0.18751603 0.18751603 0.18751603 0.18751603 0.18751603 500

0.21417445 0.21417445 0.21336776 0.21336776 0.21336776 0.21336776 0.1998952 0.1998952 0.1998952 0.1998952 0.1998952 0.1998952 0.1998952 0.1998952 0.1998952 494

0.22357792 0.22357792 0.21115065 0.21115065 0.21115065 0.21115065 0.21115065 0.21115065 0.21115065 0.21115065 0.21115065 0.21115065 0.21115065 0.21115065 0.21115065 501

0.2021532 0.2021532 0.2021532 0.2021532 0.2021532 0.2021532 0.2021532 0.2021532 0.2021532 0.2021532 0.2021532 0.2021532 0.2021532 0.2021532 0.2021532 491

0.22129244 0.22129244 0.21834713 0.21834713 0.21834713 0.21834713 0.21834713 0.21834713 0.21834713 0.21834713 0.21834713 0.21834713 0.21834713 0.21834713 0.21650934 491

0.23655349 0.21592975 0.21592975 0.21592975 0.21592975 0.21592975 0.21592975 0.21592975 0.21592975 0.21136588 0.21136588 0.21136588 0.20795125 0.20795125 0.20795125 491

0.22259194 0.22259194 0.20642275 0.20642275 0.20642275 0.20642275 0.20642275 0.20642275 0.20642275 0.2061925 0.2061925 0.2061925 0.2061925 0.2061925 0.2061925 492

0.21994328 0.21994328 0.21986556 0.21986556 0.21986556 0.21986556 0.21986556 0.20948672 0.20948672 0.20948672 0.20948672 0.20948672 0.20948672 0.20948672 0.20948672 503

0.20235461 0.20235461 0.20235461 0.20235461 0.20235461 0.20235461 0.20235461 0.20235461 0.20235461 0.20235461 0.20235461 0.20235461 0.20235461 0.20235461 0.20235461 489

0.2236495 0.2236495 0.2236495 0.2126543 0.2126543 0.2126543 0.2126543 0.2126543 0.2126543 0.2126543 0.2126543 0.2126543 0.2126543 0.2126543 0.2126543 506

0.22214651 0.22214651 0.22214651 0.22214651 0.22137135 0.21992326 0.21992326 0.21992326 0.21649319 0.21649319 0.21649319 0.20885056 0.20885056 0.20885056 0.20885056 488

0.2348885 0.22448039 0.22260982 0.21876812 0.21876812 0.21876812 0.21876812 0.21173531 0.21173531 0.21173531 0.21173531 0.20798212 0.20798212 0.20798212 0.20798212 499

0.21607137 0.21482557 0.21482557 0.21482557 0.21482557 0.21482557 0.21482557 0.21482557 0.21482557 0.21482557 0.21482557 0.21482557 0.21482557 0.21482557 0.21482557 502

0.20699757 0.20699757 0.19804138 0.19804138 0.19804138 0.19804138 0.19804138 0.19804138 0.19804138 0.19804138 0.19804138 0.19804138 0.19804138 0.19804138 0.19419831 495

0.21626097 0.21626097 0.21302122 0.21302122 0.21302122 0.21302122 0.21302122 0.21302122 0.21302122 0.21302122 0.21302122 0.2116391 0.2116391 0.20602298 0.20602298 514

0.20460385 0.20460385 0.20460385 0.20460385 0.20460385 0.20460385 0.20460385 0.20460385 0.20397568 0.20397568 0.20397568 0.20397568 0.20397568 0.20397568 0.20397568 493

0.21190506 0.19598621 0.19598621 0.19598621 0.19598621 0.19598621 0.19598621 0.19598621 0.19598621 0.19598621 0.19598621 0.19598621 0.19598621 0.19598621 0.19598621 495

0.2337246 0.20996422 0.20996422 0.20474213 0.20474213 0.20474213 0.20474213 0.20474213 0.20474213 0.20474213 0.20474213 0.20474213 0.20474213 0.20474213 0.20474213 490

0.22113985 0.21680146 0.21680146 0.20874697 0.20874697 0.20874697 0.20874697 0.20874697 0.20874697 0.20874697 0.20874697 0.20874697 0.20874697 0.20874697 0.20874697 496

0.23251605 0.22006387 0.22006387 0.22006387 0.22006387 0.22006387 0.22006387 0.22006387 0.22006387 0.22006387 0.21382016 0.21382016 0.21382016 0.21382016 0.21382016 511

0.22205526 0.22205526 0.22205526 0.22205526 0.22205526 0.22205526 0.21753049 0.21753049 0.21753049 0.21753049 0.21753049 0.21753049 0.21753049 0.21753049 0.21026438 496

0.3547222 0.24834579 0.24834579 0.24834579 0.22612005 0.22612005 0.22612005 0.22612005 0.22612005 0.22612005 0.22612005 0.22612005 0.22612005 0.22612005 0.22612005 490

0.26270032 0.26270032 0.22726673 0.22726673 0.20169157 0.20169157 0.20169157 0.20169157 0.20169157 0.20169157 0.20169157 0.20169157 0.20169157 0.20169157 0.20169157 500

0.2803145 0.2803145 0.2514239 0.2514239 0.2514239 0.2514239 0.2514239 0.2514239 0.2514239 0.2514239 0.24014503 0.24014503 0.24014503 0.24014503 0.21925908 495

0.2880702 0.22857523 0.2159968 0.2159968 0.2159968 0.2159968 0.2159968 0.2159968 0.2159968 0.2159968 0.2159968 0.2159968 0.2159968 0.2159968 0.2159968 489

0.22603416 0.22603416 0.22603416 0.22603416 0.22603416 0.22603416 0.22603416 0.22603416 0.22603416 0.22603416 0.22603416 0.22603416 0.22603416 0.21029371 0.21029371 494

0.29161167 0.29161167 0.26479036 0.2359528 0.2359528 0.2359528 0.2359528 0.2359528 0.2359528 0.2359528 0.2359528 0.2359528 0.2359528 0.2359528 0.2359528 498

0.24684078 0.24684078 0.24684078 0.24684078 0.24684078 0.24684078 0.24684078 0.24684078 0.22309226 0.22309226 0.22309226 0.22309226 0.22309226 0.22309226 0.22309226 489

0.2603693 0.2603693 0.23342222 0.23342222 0.23307037 0.23307037 0.23307037 0.23307037 0.23307037 0.23307037 0.23307037 0.23307037 0.23307037 0.23307037 0.23307037 490

0.260664 0.260664 0.2163778 0.2163778 0.2163778 0.20881861 0.20881861 0.20881861 0.20881861 0.20881861 0.20881861 0.20881861 0.20881861 0.20881861 0.20881861 502

0.26006484 0.26006484 0.2523473 0.2523473 0.2523473 0.2523473 0.2523473 0.2523473 0.2523473 0.2523473 0.2523473 0.2523473 0.2523473 0.2523473 0.2523473 511

0.31130666 0.21357507 0.21357507 0.21357507 0.21357507 0.21357507 0.21357507 0.21357507 0.21357507 0.21357507 0.21357507 0.21357507 0.21357507 0.21357507 0.21357507 492

0.29112417 0.29112417 0.29112417 0.29112417 0.2746237 0.2422412 0.2422412 0.2422412 0.2422412 0.2422412 0.2422412 0.23536831 0.23536831 0.23536831 0.23536831 485

0.25588626 0.22698182 0.22698182 0.22698182 0.22698182 0.22698182 0.22698182 0.22698182 0.22164327 0.22164327 0.22164327 0.22164327 0.22164327 0.22164327 0.22164327 489

0.30167866 0.26009005 0.25334066 0.25334066 0.25334066 0.25334066 0.25334066 0.25334066 0.25334066 0.25334066 0.25334066 0.24622393 0.23689276 0.23127365 0.23127365 488

0.25642234 0.25642234 0.25642234 0.25642234 0.24027443 0.24027443 0.24027443 0.24027443 0.24027443 0.24027443 0.24027443 0.23377681 0.23377681 0.23377681 0.23377681 502

0.25921607 0.25921607 0.23683053 0.23683053 0.23683053 0.23683053 0.23683053 0.23683053 0.23683053 0.22043365 0.22043365 0.22043365 0.22043365 0.22043365 0.22043365 501

0.24308401 0.24308401 0.24308401 0.24308401 0.24102211 0.22003895 0.22003895 0.22003895 0.22003895 0.22003895 0.22003895 0.22003895 0.18901771 0.18901771 0.18901771 492

0.31322175 0.28920412 0.28920412 0.2593822 0.2593822 0.25128382 0.25128382 0.25128382 0.25128382 0.25128382 0.25128382 0.25128382 0.25128382 0.25128382 0.25128382 489

0.34591657 0.23082417 0.23082417 0.19288158 0.19288158 0.19288158 0.19288158 0.19288158 0.19288158 0.19288158 0.19288158 0.19288158 0.19288158 0.19288158 0.19288158 499

0.21918029 0.21918029 0.21918029 0.21918029 0.21918029 0.21918029 0.21918029 0.21918029 0.21918029 0.21918029 0.21918029 0.21918029 0.21918029 0.21918029 0.21918029 501

0.16981244 0.16981244 0.16981244 0.16981244 0.16981244 0.16981244 0.16981244 0.16981244 0.16981244 0.16981244 0.16981244 0.16981244 0.16981244 0.16981244 0.16981244 493

0.19701266 0.1803214 0.1785388 0.1785388 0.1785388 0.1785388 0.1785388 0.1785388 0.1785388 0.1785388 0.1785388 0.1785388 0.1785388 0.1785388 0.1785388 504

0.18283558 0.18058538 0.18058538 0.17726731 0.17726731 0.17726731 0.17539549 0.17539549 0.17539549 0.17539549 0.17539549 0.17539549 0.17539549 0.17539549 0.17539549 496

0.1922245 0.18772715 0.18159217 0.17984325 0.17984325 0.17747658 0.17747658 0.17747658 0.17747658 0.17747658 0.17747658 0.17747658 0.17747658 0.17747658 0.17747658 503

0.1899293 0.1793384 0.1793384 0.1793384 0.1793384 0.1793384 0.1793384 0.1793384 0.1793384 0.1793384 0.1793384 0.1787464 0.1787464 0.1787464 0.1787464 496

0.18721253 0.18721253 0.18721253 0.18721253 0.18721253 0.18353659 0.18353659 0.18353659 0.18353659 0.17193079 0.17193079 0.16821319 0.16821319 0.16821319 0.16821319 494

0.18124658 0.18124658 0.18124658 0.18124658 0.18124658 0.18124658 0.18124658 0.18124658 0.18124658 0.18124658 0.18124658 0.18124658 0.18124658 0.17079717 0.17079717 506

0.19501662 0.18418807 0.18000787 0.18000787 0.18000787 0.18000787 0.18000787 0.18000787 0.18000787 0.18000787 0.17863339 0.17863339 0.17863339 0.17863339 0.17863339 494

0.20256281 0.18137598 0.18137598 0.18137598 0.18076879 0.18076879 0.18076879 0.18076879 0.18076879 0.17492515 0.17492515 0.17492515 0.17492515 0.17492515 0.17492515 505

0.18840265 0.18370086 0.18370086 0.17481512 0.17481512 0.17481512 0.17481512 0.17481512 0.17481512 0.17481512 0.17481512 0.17481512 0.17481512 0.17481512 0.17481512 497

0.18995732 0.18995732 0.18256664 0.18256664 0.17963272 0.17963272 0.17963272 0.17963272 0.17963272 0.17963272 0.17963272 0.17963272 0.17064351 0.17064351 0.16986698 501

0.19011974 0.19011974 0.19011974 0.18065518 0.18065518 0.18065518 0.18065518 0.18065518 0.18065518 0.18065518 0.18065518 0.17641145 0.17641145 0.17641145 0.17641145 497

0.18254703 0.18254703 0.18254703 0.18254703 0.18254703 0.18254703 0.17275065 0.17275065 0.17275065 0.17275065 0.17275065 0.17275065 0.17275065 0.17275065 0.17275065 496

0.18049043 0.16754818 0.16754818 0.16754818 0.16754818 0.16754818 0.16754818 0.16754818 0.16754818 0.16754818 0.16754818 0.16754818 0.16754818 0.16754818 0.16754818 500

0.19549578 0.17838496 0.17838496 0.17838496 0.17838496 0.17838496 0.17838496 0.17838496 0.17838496 0.17838496 0.17838496 0.17838496 0.17838496 0.17838496 0.17838496 490

0.18589431 0.18518162 0.18518162 0.18518162 0.18056893 0.18056893 0.18056893 0.17442054 0.17442054 0.17442054 0.17442054 0.17442054 0.17442054 0.17442054 0.17442054 489

0.1786763 0.1786763 0.1786763 0.1786763 0.1786763 0.1786763 0.1786763 0.17217237 0.17217237 0.17217237 0.17217237 0.17217237 0.17217237 0.17217237 0.17217237 501

0.18686199 0.18686199 0.18141133 0.18141133 0.18116397 0.18116397 0.18116397 0.18116397 0.18116397 0.18116397 0.18116397 0.17507166 0.17507166 0.17507166 0.17507166 500

0.18097019 0.18097019 0.18097019 0.18097019 0.18097019 0.16193885 0.16193885 0.16193885 0.16193885 0.16193885 0.16193885 0.16193885 0.16193885 0.16193885 0.16193885 499

0.19935507 0.19047952 0.17849016 0.17270279 0.17270279 0.17270279 0.17270279 0.17270279 0.17270279 0.17270279 0.17270279 0.17270279 0.17270279 0.17270279 0.17270279 503

0.13124132 0.12208849 0.12208849 0.12208849 0.12208849 0.12208849 0.11149043 0.11149043 0.11149043 0.11149043 0.11149043 0.11149043 0.11149043 0.11149043 0.11149043 496

0.12825108 0.1178717 0.1178717 0.114933014 0.114933014 0.114933014 0.114933014 0.114933014 0.114933014 0.114933014 0.114933014 0.114933014 0.114933014 0.114933014 0.114933014 501

0.1335879 0.12409139 0.12409139 0.12409139 0.12409139 0.12409139 0.12409139 0.116411686 0.116411686 0.116411686 0.116411686 0.116411686 0.116411686 0.116411686 0.116411686 495

0.119819105 0.119819105 0.119819105 0.119819105 0.119819105 0.119819105 0.11770916 0.11770916 0.11770916 0.11770916 0.11770916 0.11770916 0.11770916 0.11770916 0.11770916 490

0.13376117 0.13368106 0.12976408 0.12107301 0.12107301 0.12107301 0.12107301 0.12107301 0.12107301 0.12107301 0.12107301 0.12107301 0.12107301 0.12107301 0.12107301 502

0.12303227 0.12303227 0.12303227 0.12056351 0.12056351 0.12056351 0.12056351 0.12056351 0.12056351 0.12056351 0.12056351 0.12056351 0.11520529 0.11520529 0.11520529 499

0.13359356 0.13359356 0.12415475 0.12415475 0.12415475 0.12415475 0.12415475 0.12415475 0.12341237 0.12341237 0.11924559 0.11924559 0.11924559 0.11924559 0.11924559 501

0.12593049 0.12229371 0.12229371 0.12229371 0.1185801 0.1185801 0.1185801 0.1185801 0.1185801 0.1185801 0.1185801 0.1185801 0.1185801 0.1185801 0.1185801 652

0.12687713 0.12687713 0.12687713 0.12687713 0.12687713 0.119374335 0.119374335 0.119374335 0.119374335 0.119374335 0.119374335 0.119374335 1 2 3 4 5 6 7 8 9 10 11 12 13 14 15 Tiempo

0.12391496 0.12391496 0.12391496 0.119268596 0.119268596 0.119268596 0.119268596 0.119268596 0.119268596 0.119268596 0.119268596 0.119268596 0.119268596 0.119268596 0.119268596 487

0.12610531 0.12610531 0.12610531 0.12610531 0.12610531 0.12610531 0.12610531 0.123304844 0.123304844 0.123304844 0.123304844 0.123304844 0.123304844 0.123304844 0.122772455 494

0.13172609 0.12911034 0.12270969 0.12270969 0.12270969 0.11740595 0.11740595 0.11740595 0.11740595 0.11740595 0.11740595 0.11740595 0.11740595 0.11740595 0.11740595 487

0.1296699 0.1296699 0.12117118 0.12117118 0.12117118 0.12117118 0.12117118 0.11414933 0.11414933 0.11414933 0.11414933 0.11414933 0.11414933 0.11414933 0.11414933 491

0.14079446 0.12034136 0.12034136 0.11947507 0.11947507 0.11947507 0.11947507 0.11947507 0.11947507 0.11947507 0.11947507 0.11947507 0.11947507 0.11947507 0.11947507 498

0.12976933 0.12775606 0.12775606 0.12775606 0.12775606 0.12640685 0.12635583 0.12259865 0.12259865 0.12259865 0.12259865 0.11618996 0.11618996 0.11618996 0.11618996 486

0.12173742 0.12173742 0.12173742 0.11391783 0.11391783 0.11391783 0.11391783 0.11391783 0.11391783 0.11391783 0.11391783 0.11391783 0.11391783 0.11391783 0.11391783 490

0.1341725 0.119911194 0.119911194 0.119911194 0.119911194 0.119911194 0.119911194 0.119911194 0.119911194 0.119911194 0.119911194 0.119911194 0.119911194 0.119911194 0.119911194 502

0.13205165 0.11878365 0.11878365 0.11878365 0.11878365 0.11878365 0.11878365 0.11878365 0.11878365 0.11878365 0.11878365 0.11878365 0.11878365 0.11878365 0.11878365 493

0.13272876 0.13167888 0.11982733 0.11982733 0.11982733 0.11982733 0.11982733 0.11982733 0.11982733 0.11982733 0.11982733 0.11982733 0.11982733 0.11982733 0.11982733 493

0.12540275 0.12540275 0.1194697 0.1194697 0.1194697 0.1194697 0.1194697 0.1194697 0.1194697 0.1194697 0.1194697 0.1194697 0.1194697 0.1194697 0.11323422 498

0.12682205 0.122484624 0.122484624 0.122484624 0.122484624 0.121426105 0.121426105 0.121426105 0.121426105 0.121426105 0.121426105 0.121426105 0.121426105 0.121426105 0.121426105 503

0.13088894 0.13088894 0.13088894 0.12805527 0.12604666 0.12604666 0.12604666 0.12604666 0.12604666 0.124112844 0.124112844 0.124112844 0.124112844 0.124112844 0.124112844 501

0.12882072 0.12882072 0.12882072 0.11784428 0.11784428 0.11784428 0.11784428 0.11784428 0.11784428 0.11784428 0.11784428 0.11784428 0.11784428 0.11784428 0.11784428 496

0.13237381 0.13212919 0.13167745 0.12670869 0.12367791 0.12367791 0.12100601 0.12100601 0.12100601 0.12100601 0.12100601 0.12100601 0.11502379 0.11502379 0.11502379 492

0.1354354 0.12947255 0.12611097 0.12611097 0.12611097 0.12607646 0.12254101 0.12254101 0.12254101 0.12254101 0.12254101 0.12254101 0.12254101 0.12254101 0.12254101 494

0.13718826 0.119481385 0.119481385 0.119481385 0.119481385 0.117872536 0.117872536 0.117872536 0.117872536 0.117872536 0.117872536 0.117872536 0.117872536 0.117872536 0.117872536 491

0.12247759 0.12247759 0.12247759 0.12008119 0.12008119 0.12008119 0.12008119 0.12008119 0.12008119 0.12008119 0.12008119 0.11792284 0.11792284 0.11792284 0.11792284 492

0.13088727 0.12926513 0.12926513 0.12926513 0.12854433 0.12501985 0.12497282 0.12254566 0.12254566 0.12021941 0.12021941 0.12021941 0.12021941 0.12021941 0.12021941 512

0.12988502 0.121454775 0.121454775 0.121454775 0.121454775 0.121454775 0.121454775 0.121454775 0.121454775 0.121454775 0.1180563 0.1180563 0.1180563 0.1180563 0.1180563 489

0.1585676 0.1585676 0.1585676 0.1585676 0.1575883 0.1527834 0.1527834 0.1527834 0.1527834 0.1527834 0.1527834 0.1527834 0.1527834 0.1527834 0.1527834 502

0.1721654 0.15391177 0.15094358 0.15094358 0.15094358 0.15094358 0.15094358 0.15094358 0.15094358 0.15094358 0.15094358 0.15094358 0.15094358 0.15094358 0.15094358 499

0.16439152 0.16233677 0.16233677 0.16106105 0.16106105 0.1561063 0.1561063 0.1561063 0.1561063 0.1561063 0.1561063 0.1561063 0.1561063 0.1561063 0.1561063 511

0.1549645 0.1549645 0.1549645 0.1549645 0.1549645 0.1549645 0.1549645 0.1549645 0.1549645 0.1549645 0.1549645 0.1549645 0.1549645 0.1549645 0.1549645 497

0.1582191 0.1582191 0.1582191 0.1582191 0.1582191 0.15366644 0.15366644 0.15366644 0.15366644 0.1450243 0.1450243 0.1450243 0.1450243 0.1450243 0.1450243 510

0.16568136 0.16568136 0.16568136 0.16311425 0.16002983 0.16002983 0.16002983 0.16002983 0.15626425 0.15626425 0.15626425 0.15626425 0.15626425 0.15626425 0.15475303 489

0.17807692 0.16189617 0.16189617 0.16189617 0.16189617 0.16189617 0.16086704 0.15589017 0.15589017 0.15589017 0.15547782 0.15547782 0.15547782 0.15547782 0.15547782 492

0.16568762 0.16503382 0.16152996 0.16152996 0.16152996 0.16152996 0.16152996 0.15356046 0.15356046 0.15356046 0.15356046 0.15356046 0.15356046 0.15356046 0.15356046 504

0.16094357 0.14759058 0.14759058 0.14759058 0.14759058 0.14759058 0.14759058 0.14759058 0.14759058 0.14759058 0.14759058 0.14759058 0.14759058 0.14759058 0.14759058 497

0.16382074 0.15194917 0.15194917 0.15194917 0.15194917 0.15194917 0.15194917 0.15194917 0.15194917 0.15194917 0.1515091 0.1515091 0.1515091 0.1515091 0.1515091 490

0.16287404 0.15678424 0.15566635 0.1543293 0.1543293 0.1543293 0.15094662 0.15094662 0.15094662 0.15094662 0.15094662 0.15094662 0.15094662 0.15094662 0.15094662 494

0.16725034 0.16725034 0.16725034 0.16395354 0.16395354 0.16395354 0.16395354 0.16096705 0.15525335 0.15525335 0.15525335 0.15525335 0.15525335 0.15525335 0.15525335 487

0.16121715 0.16121715 0.16121715 0.16121715 0.16121715 0.16121715 0.16121715 0.16121715 0.16093445 0.16020674 0.16020674 0.16020674 0.16020674 0.16020674 0.15351391 484

0.16803616 0.16532737 0.16532737 0.16314125 0.15420312 0.15420312 0.15420312 0.15420312 0.15420312 0.15420312 0.15420312 0.15420312 0.15420312 0.15420312 0.15420312 501

0.16194683 0.16194683 0.16194683 0.15582389 0.15582389 0.15268183 0.15268183 0.15268183 0.15268183 0.15268183 0.15268183 0.15268183 0.15268183 0.15268183 0.15268183 489

0.16567308 0.1611914 0.1611914 0.1599508 0.1599508 0.1599508 0.1599508 0.1599508 0.1599508 0.15948933 0.15948933 0.15948933 0.15948933 0.15948933 0.15948933 503

0.16022754 0.15130967 0.15130967 0.15130967 0.15130967 0.15130967 0.15130967 0.15130967 0.15130967 0.15130967 0.15130967 0.15130967 0.15130967 0.15130967 0.15130967 494

0.1620763 0.1620763 0.16069716 0.16069716 0.16069716 0.16069716 0.16069716 0.16069716 0.16069221 0.16069221 0.15851814 0.15851814 0.15851814 0.15612346 0.15612346 488

0.1625728 0.1625728 0.1625728 0.1625728 0.1625728 0.16256183 0.16256183 0.1623354 0.1623354 0.1623354 0.1623354 0.1623354 0.1623354 0.1623354 0.1623354 509

0.1523335 0.1523335 0.1523335 0.1523335 0.1523335 0.1523335 0.1523335 0.1523335 0.1523335 0.1523335 0.1523335 0.1523335 0.1523335 0.1523335 0.1523335 489

0.17981571 0.17981571 0.17981571 0.17981571 0.17981571 0.17981571 0.17981571 0.17981571 0.17981571 0.17981571 0.17981571 0.17981571 0.17981571 0.17981571 0.17981571 500

0.19042367 0.19042367 0.19042367 0.16749549 0.16749549 0.16749549 0.16749549 0.16749549 0.16749549 0.16749549 0.16749549 0.16749549 0.16749549 0.16749549 0.16749549 495

0.20853156 0.19738579 0.19239217 0.19239217 0.19239217 0.19129896 0.19129896 0.19129896 0.19129896 0.18518478 0.18335289 0.18335289 0.18335289 0.18335289 0.18335289 502

0.18558735 0.18558735 0.18558735 0.18558735 0.18558735 0.18558735 0.18558735 0.18558735 0.18558735 0.18558735 0.18558735 0.18558735 0.18558735 0.18558735 0.18558735 493

0.1909957 0.1909957 0.1909957 0.1909957 0.1909957 0.1909957 0.1909957 0.1909957 0.1909957 0.1909957 0.1909957 0.18840855 0.18840855 0.18628597 0.18628597 491

0.20703262 0.20130926 0.20130926 0.19688195 0.18571061 0.18571061 0.18101978 0.18101978 0.18101978 0.18101978 0.18101978 0.18101978 0.18101978 0.18101978 0.18101978 488

0.18358111 0.18358111 0.18358111 0.18358111 0.18358111 0.18358111 0.18358111 0.18358111 0.18358111 0.18358111 0.18358111 0.18358111 0.18358111 0.18358111 0.18358111 502

0.20505208 0.19363004 0.19363004 0.1909256 0.1909256 0.1909256 0.1909256 0.1909256 0.1909256 0.1909256 0.1909256 0.18871552 0.18052435 0.18052435 0.18052435 488

0.19620126 0.19077557 0.19077557 0.19077557 0.19077557 0.19077557 0.19077557 0.17907733 0.17907733 0.17907733 0.17907733 0.17907733 0.17907733 0.17907733 0.17907733 494

0.1885876 0.1885876 0.1885876 0.1885876 0.1885876 0.1885876 0.1827876 0.1827876 0.1827876 0.1827876 0.1827876 0.1827876 0.1827876 0.1718114 0.1718114 501

0.19789618 0.19742805 0.17813206 0.17813206 0.17813206 0.17813206 0.17813206 0.17813206 0.17813206 0.17813206 0.17813206 0.17813206 0.17813206 0.17813206 0.17813206 494

0.1850223 0.1850223 0.1850223 0.1850223 0.1835373 0.1835373 0.1835373 0.1835373 0.1835373 0.1835373 0.1835373 0.1835373 0.1835373 0.1835373 0.1835373 504

0.18294287 0.18294287 0.18253714 0.18253714 0.18253714 0.18253714 0.18253714 0.18253714 0.18253714 0.18253714 0.18253714 0.18253714 0.18085688 0.18085688 0.18085688 501

0.16446161 0.16446161 0.16446161 0.16446161 0.16446161 0.16446161 0.16446161 0.16446161 0.16446161 0.16446161 0.16446161 0.16446161 0.16446161 0.16446161 0.16446161 501

0.19896501 0.19896501 0.19896501 0.19349343 0.19349343 0.19349343 0.19349343 0.19069648 0.19069648 0.19069648 0.18860978 0.18860978 0.18860978 0.18860978 0.18860978 486

0.19025946 0.19025946 0.19025946 0.19025946 0.17464274 0.17464274 0.17464274 0.17464274 0.17464274 0.17464274 0.17464274 0.17464274 0.17464274 0.17464274 0.17464274 491

0.20704627 0.1982066 0.1982066 0.1982066 0.1982066 0.19345456 0.18448383 0.18448383 0.18448383 0.18448383 0.17960197 0.17960197 0.17960197 0.17960197 0.17960197 489

0.20290393 0.19735247 0.19735247 0.19735247 0.19735247 0.19735247 0.19735247 0.19735247 0.19735247 0.19405842 0.19405842 0.1765604 0.1765604 0.1765604 0.1765604 503

0.20089799 0.20089799 0.19408983 0.19408983 0.19408983 0.19408983 0.19408983 0.19408983 0.19408983 0.19408983 0.18786263 0.18786263 0.18786263 0.18786263 0.18786263 490

0.19974846 0.19027025 0.18742234 0.18742234 0.18742234 0.18742234 0.18491262 0.18491262 0.18491262 0.18491262 0.18491262 0.18491262 0.18491262 0.18211251 0.18211251 489

0.32438135 0.32438135 0.3103878 0.3103878 0.3103878 0.3103878 0.3103878 0.3103878 0.3103878 0.3103878 0.3072713 0.3072713 0.3072713 0.3072713 0.3072713 502

0.33986712 0.33986712 0.30384874 0.30384874 0.30384874 0.30384874 0.30384874 0.30384874 0.30384874 0.30384874 0.30384874 0.30384874 0.30384874 0.30384874 0.30384874 506

0.306082 0.306082 0.306082 0.306082 0.306082 0.306082 0.306082 0.306082 0.306082 0.306082 0.306082 0.306082 0.306082 0.306082 0.306082 499

0.3365398 0.3365398 0.32474786 0.31816626 0.31816626 0.31816626 0.31816626 0.30340427 0.30340427 0.30340427 0.30340427 0.30340427 0.30314094 0.30314094 0.30314094 501

0.3098156 0.3098156 0.3098156 0.3098156 0.3098156 0.3098156 0.3098156 0.3098156 0.3098156 0.3098156 0.3098156 0.3098156 0.3098156 0.3098156 0.3098156 493

0.3339334 0.33367866 0.33132386 0.331057 0.32552677 0.32552677 0.32552677 0.31837314 0.31837314 0.31837314 0.31837314 0.31837314 0.31837314 0.31837314 0.31837314 488

0.3256896 0.3256896 0.31672794 0.31672794 0.31672794 0.31672794 0.31672794 0.30192143 0.30192143 0.30192143 0.30192143 0.30192143 0.30192143 0.30192143 0.30192143 514

0.3336342 0.3336342 0.3336342 0.31561327 0.31561327 0.31561327 0.31561327 0.31561327 0.31561327 0.3072145 0.3072145 0.3072145 0.3072145 0.3072145 0.30432606 513

0.33048218 0.31772184 0.31772184 0.31772184 0.31021476 0.31021476 0.31021476 0.31021476 0.31021476 0.31021476 0.31021476 0.31021476 0.31021476 0.30199832 0.30199832 485

0.33889174 0.31276911 0.31276911 0.31276911 0.31276911 0.31276911 0.31276911 0.31276911 0.31276911 0.31276911 0.3124957 0.3124957 0.3124957 0.30139786 0.30139786 489

0.33819443 0.3153426 0.3153426 0.3153426 0.30987853 0.30987853 0.30987853 0.30688137 0.30651665 0.30651665 0.30651665 0.30651665 0.30651665 0.30651665 0.30651665 502

0.3480881 0.32213593 0.32213593 0.3114798 0.3114798 0.3114798 0.3114798 0.3114798 0.3114798 0.3114798 0.3114798 0.3028242 0.3028242 0.3028242 0.3028242 499

0.31326842 0.31326842 0.31326842 0.31326842 0.31326842 0.31326842 0.3126285 0.3126285 0.3126285 0.3126285 0.3062635 0.30355984 0.30355984 0.30355984 0.30355984 491

0.31617576 0.3137024 0.3137024 0.3137024 0.3137024 0.3137024 0.3137024 0.3137024 0.3137024 0.3137024 0.3137024 0.3137024 0.3137024 0.3137024 0.3137024 515

0.31548518 0.31548518 0.31548518 0.31422967 0.31422967 0.31422967 0.29244018 0.29244018 0.29244018 0.29244018 0.29244018 0.29244018 0.29244018 0.29244018 0.29244018 494

0.323942 0.3232031 0.31010008 0.31010008 0.30417937 0.30417937 0.30417937 0.30417937 0.30417937 0.30417937 0.30417937 0.30417937 0.30417937 0.30417937 0.30417937 491

0.3277549 0.31946915 0.3176028 0.3176028 0.3176028 0.3176028 0.30846047 0.30846047 0.30811232 0.30811232 0.30811232 0.30811232 0.30811232 0.30811232 0.30811232 492

0.33806276 0.32705337 0.31466562 0.31466562 0.31466562 0.3058908 0.3058908 0.3058908 0.3058908 0.3058908 0.3058908 0.3058908 0.3058908 0.3058908 0.3058908 495

0.3246755 0.3246755 0.32277125 0.32277125 0.32011747 0.30486017 0.30486017 0.30486017 0.30486017 0.30486017 0.30486017 0.30486017 0.30486017 0.30486017 0.30486017 497

0.32034397 0.32034397 0.32034397 0.32034397 0.32034397 0.32034397 0.32034397 0.32034397 0.31169605 0.31169605 0.31169605 0.31169605 0.31169605 0.31169605 0.30703288 500

0.17041206 0.17041206 0.17041206 0.17041206 0.17041206 0.17041206 0.17041206 0.17041206 0.17041206 0.17041206 0.17041206 0.17041206 0.17041206 0.17041206 0.17041206 487

0.17265576 0.17265576 0.1607235 0.1607235 0.1607235 0.1607235 0.1607235 0.1607235 0.1607235 0.1607235 0.1607235 0.1607235 0.1607235 0.1607235 0.1607235 488

0.18097228 0.18097228 0.18097228 0.18097228 0.18097228 0.18097228 0.18097228 0.1752035 0.17451286 0.17451286 0.17451286 0.17451286 0.17451286 0.17451286 0.17451286 502

0.18317533 0.17348236 0.17348236 0.17348236 0.17348236 0.17348236 0.17348236 0.17348236 0.17348236 0.17348236 0.17348236 0.17348236 0.17348236 0.17348236 0.17348236 486

0.19058436 0.19058436 0.19058436 0.19058436 0.18011284 0.18011284 0.18011284 0.18011284 0.18011284 0.18011284 0.18011284 0.17566413 0.17566413 0.17566413 0.17566413 485

0.18061274 0.18061274 0.18061274 0.18061274 0.18061274 0.18061274 0.17062348 0.16854095 0.16854095 0.16854095 0.16854095 0.16854095 0.16854095 0.16673988 0.16673988 494

0.18065786 0.18065786 0.18065786 0.18065786 0.18065786 0.18065786 0.18065786 0.18065786 0.18065786 0.18065786 0.17669505 0.17669505 0.17669505 0.17669505 0.17669505 491

0.20057917 0.19582081 0.18093282 0.18093282 0.18093282 0.17592674 0.17592674 0.17592674 0.17592674 0.17592674 0.17592674 0.17592674 0.17592674 0.17592674 0.17592674 494

0.19497675 0.17944622 0.17944622 0.17944622 0.17944622 0.17944622 0.17944622 0.17944622 0.17944622 0.17944622 0.17944622 0.17320323 0.17320323 0.17320323 0.17163771 493

0.18087244 0.18087244 0.18087244 0.17711395 0.17711395 0.17711395 0.17711395 0.17569762 0.17569762 0.17569762 0.17569762 0.17569762 0.17569762 0.17569762 0.17569762 491

0.180991 0.180991 0.1798892 0.1798892 0.1798892 0.1798892 0.1798892 0.1798892 0.1798892 0.1798892 0.1798892 0.1798892 0.17130822 0.16459054 0.16459054 484

0.18504912 0.18504912 0.18504912 0.18504912 0.18504912 0.18504912 0.18504912 0.18419552 0.18419552 0.182491 0.182491 0.15718585 0.15718585 0.15718585 0.15718585 501

0.1681537 0.1681537 0.1681537 0.1681537 0.1681537 0.1681537 0.1681537 0.1681537 0.1681537 0.1681537 0.1681537 0.1681537 0.1681537 0.1681537 0.1681537 510

0.20329887 0.18341446 0.18341446 0.1792658 0.17553884 0.17553884 0.17553884 0.17553884 0.16514999 0.16514999 0.16514999 0.16514999 0.16514999 0.16514999 0.16514999 486

0.19605285 0.19605285 0.1736598 0.1736598 0.1736598 0.1736598 0.1736598 0.1685543 0.1685543 0.1685543 0.1685543 0.1685543 0.1685543 0.1685543 0.1685543 485

0.19171977 0.19171977 0.18630248 0.18526667 0.18526667 0.17619246 0.17619246 0.17619246 0.17619246 0.17619246 0.17336464 0.17336464 0.17336464 0.17336464 0.17336464 503

0.16239387 0.16239387 0.16239387 0.16239387 0.16239387 0.16239387 0.16239387 0.16239387 0.16239387 0.16239387 0.16239387 0.16239387 0.16239387 0.16239387 0.16239387 496

0.18326879 0.18326879 0.18326879 0.18326879 0.18053985 0.18053985 0.17700559 0.17700559 0.17700559 0.17700559 0.17700559 0.17700559 0.17700559 0.17700559 0.16625208 500

0.2024886 0.17092532 0.16890359 0.16890359 0.16890359 0.16890359 0.16890359 0.16890359 0.16890359 0.16890359 0.16890359 0.16890359 0.16429877 0.16429877 0.16429877 492

0.18808436 0.18808436 0.18808436 0.18808436 0.18714857 0.16732472 0.16732472 0.16695148 0.16695148 0.16695148 0.16695148 0.16695148 0.16695148 0.16695148 0.16695148 483

0.28044087 0.28044087 0.28044087 0.28044087 0.28044087 0.27639604 0.27639604 0.27639604 0.26907492 0.26907492 0.26907492 0.26907492 0.26907492 0.26907492 0.26907492 490

0.25261194 0.25261194 0.25261194 0.25261194 0.25261194 0.25261194 0.25261194 0.25261194 0.25261194 0.25261194 0.25261194 0.25261194 0.25261194 0.25261194 0.25261194 493

0.31584138 0.2723024 0.2723024 0.2723024 0.2723024 0.2723024 0.2723024 0.2723024 0.2723024 0.2723024 0.2723024 0.2723024 0.2723024 0.2723024 0.2723024 501

0.29000193 0.2839027 0.2839027 0.2839027 0.2839027 0.2839027 0.2839027 0.2839027 0.2839027 0.2839027 0.2839027 0.2839027 0.2839027 0.2839027 0.2839027 486

0.31535053 0.31444937 0.28512263 0.28512263 0.28512263 0.28512263 0.26949447 0.26949447 0.26949447 0.26949447 0.26949447 0.26949447 0.26949447 0.26949447 0.26949447 495

0.2976001 0.28793502 0.2686723 0.2686723 0.2686723 0.2686723 0.2686723 0.2686723 0.2686723 0.2686723 0.2686723 0.2686723 0.2686723 0.2686723 0.2686723 512

0.29879737 0.26127607 0.26127607 0.26127607 0.26127607 0.26127607 0.26127607 0.26127607 0.26127607 0.26127607 0.26127607 0.26127607 0.26127607 0.26127607 0.26127607 491

0.28274077 0.28274077 0.28274077 0.28274077 0.28274077 0.28274077 0.28274077 0.28274077 0.28274077 0.28274077 0.28274077 0.28274077 0.2800426 0.27929586 0.27929586 498

0.30339056 0.292538 0.292538 0.292538 0.292538 0.292538 0.292538 0.28883773 0.28883773 0.26986414 0.26986414 0.26986414 0.26986414 0.26986414 0.26986414 494

0.3090396 0.3090396 0.27392322 0.27392322 0.27392322 0.27392322 0.27392322 0.27392322 0.27392322 1 2 3 4 5 6 7 8 9 10 11 12 13 14 15 Tiempo

0.30022174 0.29317254 0.29317254 0.29317254 0.29317254 0.2915339 0.2915339 0.2915339 0.28063518 0.28063518 0.28063518 0.28063518 0.28063518 0.28063518 0.27506393 517

0.2961135 0.2561428 0.2561428 0.2561428 0.2561428 0.2561428 0.2561428 0.2561428 0.2561428 0.2561428 0.2561428 0.2561428 0.2561428 0.2561428 0.2561428 510

0.32297534 0.28771454 0.2695741 0.2695741 0.26283163 0.26283163 0.26283163 0.26283163 0.26283163 0.26283163 0.26283163 0.26283163 0.26283163 0.26283163 0.26283163 494

0.28296852 0.28296852 0.28296852 0.28296852 0.28296852 0.28296852 0.28296852 0.28296852 0.28296852 0.28296852 0.28296852 0.28296852 0.2800457 0.2800457 0.2800457 506

0.28205204 0.28205204 0.28205204 0.28205204 0.28205204 0.28205204 0.28205204 0.28205204 0.27777433 0.27777433 0.27777433 0.27777433 0.27746058 0.27746058 0.27746058 504

0.2960148 0.2778104 0.2678601 0.2678601 0.2678601 0.2678601 0.2678601 0.2678601 0.2678601 0.2678601 0.2678601 0.2678601 0.2678601 0.2678601 0.2678601 508

0.29036254 0.27980298 0.27980298 0.27980298 0.27980298 0.27980298 0.2695582 0.2695582 0.2695582 0.2695582 0.2695582 0.2695582 0.2695582 0.2695582 0.2695582 495

0.31056243 0.2857868 0.2857868 0.2857868 0.2857868 0.2857868 0.2857868 0.2857868 0.2857868 0.2857868 0.2857868 0.2857868 0.2857868 0.2834522 0.2834522 498

0.30989003 0.30989003 0.29628724 0.29628724 0.29628724 0.29628724 0.29628724 0.2919671 0.2919671 0.2919671 0.2742315 0.2742315 0.2742315 0.2742315 0.2742315 526

0.30909425 0.30909425 0.29950386 0.28634644 0.28634644 0.28634644 0.2839365 0.2839365 0.2839365 0.2839365 0.2839365 0.27356547 0.26566577 0.26566577 0.26566577 496

0.29287338 0.29085463 0.29085463 0.29085463 0.28455812 0.28455812 0.2688222 0.2688222 0.2688222 0.2688222 0.2688222 0.2688222 0.26599914 0.26599914 0.26599914 506

0.29088086 0.29088086 0.29088086 0.29088086 0.29088086 0.29088086 0.29088086 0.2840197 0.2840197 0.2840197 0.2840197 0.2840197 0.2840197 0.2840197 0.2840197 512

0.2693522 0.2693522 0.2693522 0.2693522 0.2693522 0.2693522 0.2693522 0.2693522 0.2693522 0.2693522 0.2693522 0.2693522 0.2693522 0.2693522 0.2693522 495

0.2992916 0.2992916 0.294012 0.294012 0.26663 0.26663 0.26663 0.26663 0.26663 0.26663 0.26663 0.26663 0.26663 0.26663 0.26663 514

0.29300672 0.27516156 0.27516156 0.27516156 0.27117187 0.27117187 0.26083297 0.26083297 0.26083297 0.26083297 0.26083297 0.26083297 0.26083297 0.26083297 0.26083297 499

0.29073858 0.28748846 0.2835498 0.2835498 0.27506286 0.27506286 0.27506286 0.27506286 0.27506286 0.27506286 0.27506286 0.27506286 0.27506286 0.27506286 0.27506286 501

0.2935118 0.2935118 0.29019016 0.28674746 0.28674746 0.2769341 0.2769341 0.2769341 0.2769341 0.2769341 0.2769341 0.2769341 0.2769341 0.2769341 0.2769341 499

0.2814948 0.2814948 0.2814948 0.2814948 0.2814948 0.27892256 0.27892256 0.27892256 0.27892256 0.27892256 0.27892256 0.27836055 0.27836055 0.27836055 0.27836055 504

0.30563855 0.30563855 0.29261976 0.26632905 0.26167536 0.26167536 0.26167536 0.26167536 0.26167536 0.26167536 0.26167536 0.26167536 0.26167536 0.26167536 0.26167536 513

0.30166882 0.30166882 0.30166882 0.30166882 0.2939613 0.29279727 0.29279727 0.2865898 0.2865898 0.2865898 0.26665592 0.26665592 0.26665592 0.26665592 0.26665592 515

0.26627272 0.26627272 0.26627272 0.26627272 0.26627272 0.26627272 0.26627272 0.26627272 0.26627272 0.26627272 0.26627272 0.26627272 0.26627272 0.26627272 0.26627272 513

0.31034422 0.30286336 0.29359055 0.28336096 0.28336096 0.28336096 0.27716988 0.27716988 0.27477902 0.27141857 0.27141857 0.27141857 0.27141857 0.26575106 0.26575106 511

0.26925164 0.26925164 0.26925164 0.26925164 0.26925164 0.26925164 0.26925164 0.26925164 0.26925164 0.26925164 0.26925164 0.26925164 0.26925164 0.2612769 0.2612769 496

0.2889406 0.2889406 0.27252644 0.27252644 0.27252644 0.27252644 0.27252644 0.27252644 0.27252644 0.27252644 0.27252644 0.27252644 0.27252644 0.27252644 0.27252644 501

0.36517078 0.2907009 0.2907009 0.27719992 0.27719992 0.27719992 0.27719992 0.27719992 0.26880693 0.26880693 0.26880693 0.266685 0.266685 0.266685 0.266685 504

0.28819007 0.28620976 0.26467866 0.26467866 0.26467866 0.26467866 0.26467866 0.26467866 0.26467866 0.26467866 0.26467866 0.26467866 0.26467866 0.26467866 0.26467866 509

0.29066795 0.29066795 0.2886874 0.2886874 0.28807276 0.28807276 0.2805801 0.2760226 0.2760226 0.2760226 0.2760226 0.2760226 0.2760226 0.2760226 0.2760226 505

0.2938388 0.2938388 0.28075862 0.25582147 0.25582147 0.25582147 0.25582147 0.25582147 0.25582147 0.25582147 0.25582147 0.25582147 0.25582147 0.25582147 0.25582147 508

0.27918762 0.27918762 0.27737874 0.27737874 0.27737874 0.27737874 0.27737874 0.27737874 0.27737874 0.27737874 0.26963234 0.26963234 0.26963234 0.26963234 0.268116 508

0.28893262 0.2888257 0.2888257 0.2858314 0.2858314 0.2858314 0.2858314 0.2858314 0.25854152 0.25854152 0.25854152 0.25854152 0.25854152 0.25854152 0.25854152 501

0.28081554 0.26838428 0.26838428 0.26838428 0.26838428 0.26838428 0.26838428 0.26838428 0.26838428 0.26838428 0.26838428 0.26838428 0.26838428 0.26838428 0.26838428 503

0.29161865 0.29161865 0.28405762 0.2663415 0.2663415 0.2663415 0.2663415 0.2663415 0.2663415 0.2663415 0.2663415 0.2663415 0.2653253 0.2653253 0.2653253 509

0.29890323 0.29602748 0.27721882 0.27721882 0.27721882 0.27721882 0.27721882 0.27721882 0.27721882 0.27721882 0.27721882 0.27721882 0.27721882 0.2758655 0.2758655 512

0.2567075 0.2567075 0.2567075 0.2567075 0.2567075 0.2567075 0.2567075 0.2567075 0.2567075 0.2567075 0.2567075 0.2567075 0.2567075 0.2567075 0.2567075 499

0.31655496 0.28688246 0.28688246 0.28178525 0.27902746 0.27244616 0.27244616 0.2702778 0.2702778 0.2702778 0.27009058 0.27009058 0.27009058 0.27009058 0.27009058 499

0.3013327 0.3013327 0.295749 0.295749 0.28512114 0.2842009 0.2842009 0.2842009 0.2842009 0.27111846 0.27111846 0.27111846 0.27111846 0.27111846 0.27111846 520

0.30340987 0.29090494 0.2761829 0.2761829 0.2761829 0.2761829 0.2761829 0.2761829 0.2761829 0.2761829 0.2761829 0.2761829 0.27199668 0.27199668 0.27199668 512

0.2902398 0.2902398 0.27943152 0.27505016 0.27505016 0.27505016 0.27505016 0.2745211 0.2745211 0.2745211 0.2745211 0.26518685 0.26518685 0.26518685 0.26518685 510

0.26520443 0.26520443 0.26339704 0.26339704 0.26339704 0.26339704 0.26339704 0.26339704 0.26339704 0.26339704 0.26339704 0.26339704 0.26339704 0.26339704 0.26339704 497

0.2935052 0.26872987 0.26872987 0.26872987 0.26872987 0.26872987 0.26872987 0.26872987 0.26872987 0.26872987 0.26872987 0.26872987 0.26872987 0.26872987 0.26872987 499

0.275976 0.275976 0.275976 0.275976 0.2756899 0.2756899 0.2756899 0.2756899 0.2756899 0.2756899 0.2756899 0.2756899 0.2756899 0.2756899 0.2756899 504

0.27979022 0.26795822 0.26795822 0.26795822 0.26795822 0.26795822 0.26795822 0.26795822 0.26795822 0.26795822 0.26795822 0.26795822 0.26795822 0.26795822 0.26795822 502

0.29102927 0.2878763 0.2878763 0.2878763 0.2865107 0.2846915 0.27786857 0.27786857 0.27786857 0.27786857 0.27786857 0.27065176 0.27065176 0.27065176 0.27065176 504

0.28959608 0.28959608 0.27779275 0.27779275 0.27779275 0.27779275 0.27703595 0.27703595 0.27703595 0.27703595 0.27703595 0.27703595 0.27145147 0.27145147 0.27145147 516

0.28737336 0.28737336 0.28737336 0.28337717 0.28007442 0.2666363 0.2666363 0.2666363 0.2666363 0.2666363 0.2666363 0.2666363 0.2666363 0.2666363 0.2666363 505

0.28879404 0.28236014 0.28236014 0.28226614 0.27519768 0.2706172 0.2706172 0.2706172 0.2706172 0.2706172 0.2706172 0.2706172 0.2706172 0.2706172 0.2706172 506

0.28337234 0.28337234 0.2798298 0.27736348 0.27736348 0.2744258 0.2744258 0.2744258 0.2744258 0.27430153 0.27430153 0.27430153 0.27430153 0.26596862 0.26596862 510

0.28446764 0.2808289 0.2808289 0.2808289 0.2808289 0.2808051 0.2762022 0.2762022 0.2762022 0.2627085 0.2627085 0.2627085 0.2627085 0.2627085 0.2627085 504

0.27643317 0.27643317 0.27643317 0.27643317 0.27643317 0.27104014 0.27104014 0.27104014 0.27104014 0.27104014 0.27104014 0.27104014 0.27104014 0.27104014 0.27104014 501

0.29038554 0.27613932 0.26532167 0.26532167 0.26532167 0.26532167 0.26532167 0.26532167 0.26532167 0.26532167 0.26532167 0.26532167 0.26532167 0.26532167 0.26532167 501

0.2823233 0.2730115 0.2730115 0.2730115 0.2730115 0.2730115 0.2730115 0.2730115 0.2730115 0.2730115 0.2730115 0.2730115 0.2730115 0.2730115 0.2730115 508

0.28714186 0.28714186 0.28247285 0.27800417 0.2769572 0.2769572 0.2761917 0.2761917 0.2761917 0.2761917 0.2761917 0.27558118 0.27558118 0.27558118 0.27558118 505

0.2812361 0.2812361 0.2812361 0.2812361 0.2812361 0.2812361 0.28060907 0.2744208 0.2744208 0.2744208 0.2744208 0.2744208 0.2744208 0.2744208 0.2744208 504

0.28234458 0.28234458 0.28234458 0.28234458 0.27078086 0.27078086 0.27078086 0.27078086 0.27078086 0.27058154 0.26985127 0.26985127 0.26985127 0.26985127 0.26985127 500

0.2825616 0.2825616 0.2825616 0.2779793 0.2779793 0.2779793 0.2779793 0.2779793 0.2779793 0.2779793 0.2779793 0.2779793 0.2779793 0.2779793 0.2779793 503

0.29054958 0.29054958 0.29054958 0.29054958 0.29054958 0.28635055 0.28635055 0.28635055 0.28635055 0.28413326 0.28365284 0.2786588 0.2786588 0.27088594 0.27088594 502

0.272847 0.272847 0.272847 0.272847 0.272847 0.272847 0.272847 0.272847 0.272847 0.272847 0.272847 0.272847 0.272847 0.272847 0.272847 506

0.29052925 0.29052925 0.29052925 0.28852302 0.28689092 0.28689092 0.2821694 0.27774698 0.27774698 0.27774698 0.27774698 0.27774698 0.27774698 0.27774698 0.27774698 500

0.27516514 0.27516514 0.27516514 0.27516514 0.27516514 0.27516514 0.27516514 0.27516514 0.27516514 0.27516514 0.27516514 0.27516514 0.2677781 0.2677781 0.2677781 500

0.29149646 0.28007478 0.27795023 0.27795023 0.27795023 0.27795023 0.27795023 0.27795023 0.27795023 0.27795023 0.27795023 0.27795023 0.27795023 0.27795023 0.27795023 511

0.2975585 0.28140968 0.28140968 0.28140968 0.28140968 0.28140968 0.28140968 0.28140968 0.28140968 0.28140968 0.28140968 0.28140968 0.28140968 0.28140968 0.28140968 504

0.3045432 0.29188633 0.28363633 0.27944273 0.27944273 0.27944273 0.27944273 0.27944273 0.27944273 0.27944273 0.27944273 0.27944273 0.27944273 0.27944273 0.27944273 503

0.31074882 0.30151588 0.2973693 0.2973693 0.2973693 0.2973693 0.2973693 0.2973693 0.2973693 0.2973693 0.2973693 0.2973693 0.2973693 0.2973693 0.2973693 514

0.3068995 0.3068995 0.30229777 0.2724784 0.26952595 0.26952595 0.26952595 0.26952595 0.26952595 0.26952595 0.26952595 0.26952595 0.26952595 0.26952595 0.26952595 518

0.31902075 0.31902075 0.31902075 0.3122099 0.28659606 0.28659606 0.28659606 0.28659606 0.28659606 0.28659606 0.28659606 0.28659606 0.28659606 0.27989978 0.27989978 496

0.29802054 0.27420855 0.27420855 0.27420855 0.27420855 0.27420855 0.27420855 0.27420855 0.27420855 0.27420855 0.27420855 0.27420855 0.27420855 0.27420855 0.27420855 510

0.29100084 0.28693312 0.28693312 0.28693312 0.28693312 0.28693312 0.28693312 0.28693312 0.28693312 0.28693312 0.28693312 0.28693312 0.28693312 0.28693312 0.28693312 497

0.2955861 0.2955861 0.28853196 0.28853196 0.28853196 0.28853196 0.28853196 0.28853196 0.28853196 0.28853196 0.28853196 0.28853196 0.28853196 0.28853196 0.28853196 509

0.33753026 0.3122055 0.3122055 0.30687302 0.30687302 0.30687302 0.30555224 0.30555224 0.30555224 0.30555224 0.30555224 0.30555224 0.30555224 0.30555224 0.30555224 513

0.32017452 0.31904268 0.3081956 0.29071838 0.29049182 0.29049182 0.29049182 0.29049182 0.29049182 0.29049182 0.29049182 0.29049182 0.29049182 0.29049182 0.29049182 508

0.32298023 0.32298023 0.30499524 0.30499524 0.29207498 0.29207498 0.29207498 0.29207498 0.29207498 0.29207498 0.29207498 0.29207498 0.29207498 0.29207498 0.29207498 508

0.32462567 0.30901152 0.28621918 0.28621918 0.28621918 0.28621918 0.28621918 0.28621918 0.28621918 0.28621918 0.28621918 0.28234005 0.28234005 0.28234005 0.28234005 502

0.2858054 0.2858054 0.27815098 0.27815098 0.27815098 0.27815098 0.27815098 0.27815098 0.27815098 0.27815098 0.27815098 0.27815098 0.27815098 0.27694768 0.27694768 496

0.325032 0.29891706 0.28940576 0.28940576 0.28940576 0.28940576 0.28940576 0.28940576 0.28940576 0.28940576 0.28940576 0.28940576 0.28940576 0.28940576 0.28940576 502

0.30052406 0.30052406 0.30052406 0.30052406 0.30052406 0.28811103 0.28811103 0.28811103 0.28811103 0.28811103 0.28811103 0.28811103 0.28811103 0.28811103 0.28811103 509

0.29957706 0.29957706 0.29957706 0.29957706 0.2905143 0.2905143 0.2905143 0.2905143 0.2905143 0.2905143 0.2905143 0.2905143 0.2905143 0.2905143 0.2905143 498

0.29986596 0.29986596 0.29986596 0.29986596 0.2861778 0.2861778 0.2861778 0.2861778 0.2861778 0.2832268 0.2832268 0.2832268 0.2832268 0.2832268 0.2832268 508

0.30636626 0.30636626 0.30636626 0.30636626 0.30636626 0.30636626 0.30636626 0.30636626 0.298249 0.28543377 0.28543377 0.28543377 0.27622026 0.27622026 0.27622026 496

0.3175056 0.29831666 0.2848782 0.2781253 0.2781253 0.2781253 0.2781253 0.2781253 0.2781253 0.2781253 0.2781253 0.2781253 0.2781253 0.2781253 0.2781253 502

0.30552667 0.29559535 0.29559535 0.29559535 0.29559535 0.29559535 0.2884801 0.2884801 0.2884801 0.2884801 0.2884801 0.2884801 0.2884801 0.2884801 0.2884801 504

0.13654882 0.13654882 0.13654882 0.13654882 0.13654882 0.13654882 0.13654882 0.13654882 0.13654882 0.13654882 0.13569504 0.13569504 0.13569504 0.13569504 0.13569504 499

0.1602382 0.14899093 0.14557093 0.14557093 0.14557093 0.14557093 0.13559097 0.13502741 0.13502741 0.13502741 0.13502741 0.13502741 0.13502741 0.13502741 0.13502741 502

0.1493547 0.1472227 0.13529468 0.13529468 0.13529468 0.13529468 0.13529468 0.13529468 0.13529468 0.13529468 0.13529468 0.13529468 0.13529468 0.13409227 0.13409227 495

0.14414018 0.14414018 0.14414018 0.14414018 0.13956022 0.13956022 0.13956022 0.13956022 0.13956022 0.13956022 0.13956022 0.13956022 0.13956022 0.13956022 0.13956022 494

0.14840049 0.14840049 0.13846523 0.13846523 0.13846523 0.13547063 0.13547063 0.13547063 0.13547063 0.13547063 0.13547063 0.13547063 0.13547063 0.13547063 0.13547063 506

0.15101713 0.14707512 0.13649416 0.13649416 0.13649416 0.13649416 0.13649416 0.13649416 0.13649416 0.13649416 0.13649416 0.13649416 0.13649416 0.13457918 0.13457918 499

0.14615065 0.14615065 0.14615065 0.14412886 0.14412886 0.1282627 0.1282627 0.1282627 0.1282627 0.1282627 0.1282627 0.1282627 0.1282627 0.1282627 0.1282627 498

0.14967155 0.13847399 0.13847399 0.13847399 0.13847399 0.13847399 0.13847399 0.13847399 0.13847399 0.1327281 0.1327281 0.1327281 0.1327281 0.1327281 0.1327281 497

0.14716625 0.14716625 0.14596295 0.1425516 0.1425516 0.1425516 0.1425516 0.1425516 0.12912387 0.12912387 0.12912387 0.12912387 0.12912387 0.12912387 0.12912387 511

0.14671057 0.14664292 0.14664292 0.14664292 0.14664292 0.13743311 0.13743311 0.13743311 0.13743311 0.13743311 0.13743311 0.13743311 0.13743311 0.13743311 0.13743311 502

0.162911 0.15151805 0.14690709 0.14690709 0.14690709 0.13869625 0.13869625 0.13869625 0.13549823 0.13549823 0.13549823 0.13549823 0.13549823 0.13549823 0.13549823 498

0.14696789 0.1397782 0.1397782 0.1397782 0.1397782 0.1397782 0.1397782 0.1397782 0.1397782 0.1397782 0.1397782 0.1397782 0.1397782 0.1397782 0.1397782 501

0.14139968 0.14139968 0.14057308 0.14057308 0.14057308 0.14057308 0.14057308 0.14057308 0.14057308 0.14057308 0.14057308 0.14057308 0.14057308 0.14057308 0.14057308 514

0.15158421 0.14827663 0.14827663 0.14827663 0.14827663 0.14827663 0.14827663 0.14827663 0.14827663 0.14338303 0.14338303 0.14338303 0.14338303 0.14338303 0.14338303 516

0.13938493 0.13669777 0.13669777 0.13669777 0.13669777 0.13669777 0.13669777 0.13669777 0.13669777 0.13507986 0.13507986 0.13507986 0.13507986 0.13507986 0.13507986 520

0.14635706 0.14125508 0.14125508 0.14125508 0.14125508 0.14125508 0.13830835 0.13830835 0.13830835 0.13783258 0.13783258 0.13783258 0.13783258 0.13783258 0.13783258 511

0.18038458 0.14771646 0.14771646 0.14187789 0.14187789 0.14187789 0.12999052 0.12999052 0.12999052 0.12999052 0.12999052 0.12999052 0.12999052 0.12999052 0.12999052 496

0.14228964 0.13890463 0.13890463 0.13890463 0.13890463 0.13640141 0.13640141 0.13640141 0.13640141 0.13640141 0.13640141 0.13640141 0.13640141 0.13640141 0.13640141 502

0.15007764 0.14897132 0.14897132 0.14343768 0.14343768 0.14343768 0.14297718 0.14297718 0.14113337 0.14113337 0.14113337 0.14113337 0.14113337 0.14113337 0.14033157 506

0.14616364 0.14616364 0.14616364 0.13719344 0.13719344 0.13719344 0.13719344 0.13719344 0.13719344 0.13719344 0.13719344 0.13719344 0.13719344 0.13719344 0.13719344 512

0.10244399 0.09690356 0.09690356 0.09422922 0.09422922 0.09160471 0.09160471 0.09160471 0.09160471 0.09160471 0.09160471 0.09160471 0.09160471 0.09160471 0.09160471 517

0.10271025 0.087762535 0.08627534 0.08627534 0.08387321 0.08387321 0.08387321 0.08387321 0.08387321 0.08387321 0.08387321 0.08387321 0.08387321 0.08387321 0.08387321 495

0.095647335 0.09486771 0.090993226 0.090993226 0.090993226 0.090993226 0.090993226 0.07379264 0.07379264 0.07379264 0.07379264 0.07379264 0.07379264 0.07379264 0.07379264 506

0.09391755 0.0923689 0.0923689 0.0923689 0.08745164 0.08745164 0.08745164 0.08745164 0.08745164 0.08745164 0.08745164 0.08745164 0.08745164 0.08745164 0.08618611 498

0.098469794 0.09663677 0.09663677 0.08445722 0.08445722 0.08445722 0.08445722 0.08445722 0.08445722 0.08445722 0.08445722 0.08381367 0.08381367 0.08381367 0.08381367 509

0.09138876 0.09138876 0.09138876 0.09138876 0.09051299 0.09051299 0.09051299 0.09051299 0.09051299 0.09051299 0.09051299 0.09051299 0.09051299 0.08794242 0.08794242 514

0.07698113 0.07698113 0.07698113 0.07698113 0.07698113 0.07698113 0.07698113 0.07698113 0.07698113 0.07698113 0.07698113 0.07698113 0.07698113 0.07698113 0.07698113 504

0.09474057 0.089490116 0.089490116 0.089490116 0.089490116 0.089490116 0.089490116 0.089490116 0.089490116 0.089490116 0.089490116 0.089490116 0.089490116 0.089490116 0.089490116 501

0.09231681 0.08847976 0.08847976 0.08847976 0.08847976 0.08847976 0.08847976 0.08711189 0.08711189 0.08711189 0.08189154 0.081863105 0.081863105 0.081863105 0.081863105 498

0.10178155 0.08778745 0.08778745 0.08778745 0.08778745 0.083019435 0.083019435 0.083019435 0.083019435 0.083019435 0.083019435 0.083019435 0.083019435 0.083019435 0.083019435 512

0.10400486 0.1035068 0.093854666 0.093854666 0.093854666 0.09285307 0.08483839 0.08483839 0.08483839 0.08483839 0.08483839 0.08483839 0.07347506 0.07347506 0.07347506 501

0.09290862 0.09290862 0.09290862 0.09290862 0.09290862 0.09290862 0.09290862 0.09290862 0.09290862 0.09290862 0.09290862 0.09122938 0.09122938 0.09122938 0.07634944 503

0.09612703 0.09612703 0.09612703 0.09340721 0.09340721 0.09340721 0.09340721 0.09340721 0.09044886 0.09044886 0.07438302 0.07438302 0.07438302 0.07438302 0.07438302 498

0.08819991 0.08819991 0.08819991 0.08819991 0.08782816 0.087180436 0.087180436 0.087180436 0.087180436 0.087180436 0.087180436 0.087180436 0.087180436 0.087180436 0.087180436 512

0.1018424 0.10140568 0.09827852 0.09827852 0.09827852 0.09246707 0.08668822 0.08668822 0.08668822 0.08434063 0.08434063 0.08434063 0.08434063 0.08434063 0.08434063 501

0.095437706 0.095437706 0.095437706 0.095437706 0.095437706 0.095437706 0.095437706 0.09258771 0.09258771 0.09258771 0.09258771 0.09258771 0.09046149 0.09046149 0.09046149 512

0.10679436 0.094774425 0.094774425 0.086977065 0.086977065 0.086977065 0.086977065 0.086977065 0.086977065 0.086977065 0.086977065 0.086977065 0.08569366 0.076827705 0.076827705 502

0.096488 0.096488 0.096488 0.096488 0.096488 0.0961563 0.0961563 0.093574226 0.093574226 0.093574226 0.093574226 0.093574226 0.093574226 0.08910984 0.08910984 518

0.10110664 0.10110664 0.10110664 0.095935285 0.09327632 0.09327632 0.084928334 0.08204299 0.08204299 0.08204299 0.08204299 0.08204299 0.08204299 0.08204299 0.08204299 503

0.096968174 0.096968174 0.08667779 0.08667779 0.08667779 0.08667779 0.08667779 0.08667779 0.08667779 0.08667779 0.08667779 0.08667779 0.08667779 0.08667779 0.08667779 496

0.26464385 0.2644804 0.24214888 0.24214888 0.24029559 0.2229436 0.2229436 0.2229436 0.2229436 0.2229436 0.2229436 0.2229436 0.2229436 0.2229436 0.2229436 503

0.24008888 0.23945236 0.23945236 0.23945236 0.23945236 0.23945236 0.23945236 0.23945236 0.23834974 0.23834974 0.23834974 0.23834974 0.23834974 0.23834974 0.23834974 505

0.2517144 0.23795623 0.23795623 0.23795623 0.23795623 0.23795623 0.23795623 0.23795623 0.23795623 0.23795623 0.23795623 0.23605442 0.23605442 0.23605442 0.23605442 502

0.2347436 0.2347436 0.2347436 0.2347436 0.2347436 0.2347436 0.2347436 0.2347436 0.2347436 0.2347436 0.2347436 0.2347436 0.2347436 0.2277543 0.2277543 509

0.2412448 0.2412448 0.2412448 0.2412448 0.2412448 0.2412448 0.2412448 0.2412448 0.2412448 0.2412448 0.2412448 0.2412448 0.2412448 0.2412448 0.2412448 508

0.24220043 0.24220043 0.24220043 0.24220043 0.24220043 0.23070091 0.23070091 0.23070091 0.23070091 0.23070091 0.23070091 0.23070091 0.23070091 0.23070091 0.23070091 500

0.24183768 0.24183768 0.24183768 0.24183768 0.24183768 0.23098749 0.23098749 0.23098749 0.23098749 0.23098749 0.23098749 0.23098749 0.23098749 0.23098749 0.23098749 505

0.2511341 0.2511341 0.24595332 0.24595332 0.24595332 0.237746 0.237746 0.237746 0.237746 0.237746 0.237746 0.237746 0.237746 0.237746 0.237746 496

0.23959976 0.2377953 0.2377953 0.2377953 0.2377953 0.2377953 0.2377953 0.2377953 0.2377953 0.2377953 0.2377953 0.2377953 0.2377953 0.2377953 0.2377953 509

0.24819946 0.24519205 0.24519205 0.24519205 0.24519205 0.24519205 0.24519205 0.24519205 0.24519205 0.245157 0.245157 0.245157 0.245157 0.245157 0.24373621 509

0.25547934 0.25547934 0.24496204 0.24496204 0.24496204 0.24496204 0.24496204 0.24496204 0.24017507 0.24017507 0.24003935 0.24003935 0.24003935 0.23550224 0.23550224 509

0.2563991 0.25616282 0.25616282 0.25013375 0.25013375 0.25013375 0.244798 0.244798 0.244798 0.244798 0.244798 0.244798 0.244798 0.244798 0.244798 504

0.24012 0.24012 0.24012 0.24012 0.23202062 0.23202062 0.23202062 0.23202062 0.23202062 0.23202062 0.23202062 0.23202062 0.23202062 0.23202062 0.23202062 512

0.24314672 0.24314672 0.23885328 0.23885328 0.23885328 0.23885328 0.23885328 0.23885328 0.23885328 0.23885328 0.23885328 0.23885328 0.23885328 0.23885328 0.23885328 513

0.26163602 0.25159472 0.24765116 0.23911762 0.23911762 0.23911762 0.23911762 0.23911762 0.23911762 0.23911762 0.23911762 0.23911762 0.23911762 0.23911762 0.23911762 506

0.24493122 0.24493122 0.24493122 0.24493122 0.24493122 0.24493122 0.24160457 0.24160457 0.24160457 0.24160457 0.24160457 0.24160457 0.22918016 0.22918016 0.22918016 508

0.2507329 0.2507329 0.24119395 0.24119395 0.24119395 0.23046046 0.23046046 0.23046046 0.23046046 0.23046046 0.23046046 0.23046046 0.23046046 0.23046046 0.23046046 502

0.2537189 0.24327463 0.24327463 0.24327463 0.24327463 0.24327463 0.24327463 0.24327463 0.23140955 0.23140955 0.23140955 0.23140955 0.23140955 0.23140955 0.23140955 495

0.24068427 0.23937869 0.23937869 0.23937869 0.22736865 0.22736865 0.22736865 0.22736865 0.22736865 0.22736865 0.22736865 0.22736865 0.22736865 0.22736865 0.22736865 505

0.24839371 0.24839371 0.24836212 0.24836212 0.24836212 0.24836212 0.24836212 0.24836212 0.24836212 0.24596602 0.24596602 0.24596602 0.24596602 0.24596602 0.24596602 509

0.2946486 0.27806348 0.27806348 0.27806348 0.27806348 0.2630337 0.2630337 0.2630337 0.2630337 0.2630337 0.2630337 0.2630337 0.2630337 0.2630337 0.2630337 516

0.27748394 0.2704954 0.2704954 0.2704954 0.2704954 0.2704954 0.2704954 0.2704954 0.2704954 0.2704954 0.26323843 0.26323843 0.26323843 0.26323843 0.26323843 498

0.29456824 0.29456824 0.27007657 0.27007657 0.27007657 0.27007657 0.27007657 0.27007657 0.27007657 0.27007657 0.26635736 0.26635736 0.26635736 0.26635736 0.26635736 512

0.28204376 0.28204376 0.28204376 0.28204376 0.28204376 0.28204376 0.28204376 0.28204376 0.28204376 0.26918334 0.26918334 0.26183748 0.26183748 0.26183748 0.26183748 498

0.28229946 0.28229946 0.28229946 0.28229946 0.28229946 0.27356082 0.27356082 0.27356082 0.27356082 0.27356082 0.27356082 0.27356082 0.26109177 0.26109177 0.26109177 514

0.27884007 0.2779153 0.2779153 0.27406985 0.27406985 0.27406985 0.27406985 0.27406985 0.27406985 0.27406985 0.27406985 0.27277404 0.27277404 0.27277404 0.27277404 503

0.29661578 0.28803605 0.28803605 0.28336412 0.27776217 0.26404458 0.26404458 0.26404458 0.26404458 0.26404458 0.26404458 0.26404458 0.25250703 0.25250703 0.25250703 505

0.29435784 0.28335762 0.28335762 0.28335762 0.28335762 0.26194245 0.26194245 0.26194245 0.26194245 0.26194245 0.26194245 0.26194245 0.26194245 0.26194245 0.2518522 514

0.28684598 0.25863695 0.25863695 0.25863695 0.25863695 0.25863695 0.25863695 0.25863695 0.25863695 0.25863695 0.25863695 0.25863695 0.25863695 0.25863695 0.25863695 513

0.28399903 0.28399903 0.25974113 0.25974113 0.25974113 0.25974113 0.25974113 0.25974113 0.25974113 0.25974113 0.25974113 0.25974113 0.25974113 0.25974113 0.25974113 503

0.28395343 0.28251737 0.2634635 0.2634635 0.2634635 0.2634635 0.2634635 0.2634635 0.2634635 0.2634635 0.2634635 0.2634635 0.2634635 0.2634635 0.2634635 514

0.2614804 0.2614804 0.2614804 0.2614804 0.2614804 0.2614804 0.2614804 0.2614804 0.2614804 0.2614804 0.2614804 0.2614804 0.2614804 0.26105064 0.26105064 498

0.28974628 0.28974628 0.2809592 0.2809592 0.26215094 0.26215094 0.26215094 0.26215094 0.26215094 0.26215094 0.26215094 0.26215094 0.26215094 0.26215094 0.26215094 500

0.29988337 0.28591555 0.28591555 0.28591555 0.28145283 0.28145283 0.27353287 0.27353287 0.27318835 0.26549506 0.26549506 0.26549506 0.26549506 0.26549506 0.26549506 501

0.23597622 0.23597622 0.23597622 0.23597622 0.23597622 0.23597622 0.23597622 0.23597622 0.23597622 0.23597622 0.23597622 0.23597622 0.23597622 0.23597622 0.23597622 511

0.2700736 0.2700736 0.2700736 0.2700736 0.2700736 0.2700736 0.2700736 0.2700736 0.25246495 0.25246495 0.25246495 0.25246495 0.25246495 0.25246495 0.25246495 512

0.26237458 0.26237458 0.26237458 0.26237458 0.26237458 0.26237458 0.26237458 0.26237458 0.26237458 0.26237458 0.26237458 0.26237458 0.26237458 0.26237458 0.26237458 501

0.27282643 0.27282643 0.27282643 0.27282643 0.27282643 0.2675166 0.2675166 0.2675166 0.2675166 0.2675166 0.2675166 0.2675166 0.2675166 0.2675166 0.2675166 496

0.2775666 0.2775666 0.2775666 0.274055 0.26335794 0.26335794 0.26335794 0.26311827 0.26311827 0.26311827 0.26311827 0.26311827 0.26311827 0.26311827 0.26311827 503

0.30524588 0.27594948 0.2660156 0.2660156 0.2660156 0.26171333 0.26171333 0.26171333 0.26171333 0.26171333 0.26171333 0.26171333 0.26171333 0.26171333 0.26171333 510

0.23595023 0.23562676 0.23562676 0.23562676 0.23439312 0.23439312 0.22828752 0.22828752 0.22828752 0.22828752 0.22828752 0.22828752 0.22828752 0.22054309 0.22054309 507

0.22766215 0.22766215 0.22766215 0.22766215 0.22766215 0.22766215 0.22766215 0.22766215 0.22766215 0.22766215 0.22766215 0.22766215 0.22766215 0.22766215 0.22766215 498

0.22562408 0.22562408 0.22562408 0.22562408 0.22562408 0.22562408 0.22562408 0.22562408 0.22562408 0.22562408 0.22562408 0.22562408 0.22562408 0.22562408 0.22562408 506

0.21704274 0.21704274 0.21704274 0.21704274 0.21704274 0.21704274 0.21704274 0.21704274 0.21704274 0.21704274 0.21704274 0.21704274 0.21704274 0.21704274 0.21114278 502

0.23740846 0.2372489 0.2280001 0.2280001 0.2280001 0.2280001 0.20386332 0.20386332 0.20386332 0.20386332 0.20386332 0.20386332 0.20386332 0.20386332 0.20386332 500

0.22793198 0.22793198 0.22793198 0.22793198 0.22793198 0.22793198 0.22793198 0.22793198 0.22793198 0.22793198 0.21978551 0.21978551 0.21978551 0.21978551 0.21978551 517

0.22564489 0.22564489 0.22564489 0.22564489 0.22564489 0.22564489 0.22564489 0.22564489 0.22564489 0.22564489 0.22564489 0.22564489 0.22564489 0.22564489 0.22564489 502

0.23184323 0.23184323 0.22285193 0.22285193 0.22285193 0.22285193 0.22285193 0.22285193 0.22285193 0.22285193 0.22285193 0.22285193 0.22285193 0.22285193 0.22285193 494

0.20376998 0.20376998 0.20376998 0.20376998 0.20376998 0.20376998 0.20376998 0.20376998 0.20376998 0.20376998 0.20376998 0.20376998 0.20376998 0.20376998 0.20376998 501

0.23779726 0.2317732 0.2317732 0.2317732 0.2317732 0.2317732 0.22801131 0.22801131 0.22801131 0.22801131 0.22801131 0.22801131 0.22801131 0.22678381 0.22678381 499

0.22981477 0.22981477 0.22981477 0.22981477 0.22981477 0.22981477 0.22981477 0.22981477 0.22398621 0.22398621 0.22398621 0.22398621 0.22398621 0.22398621 0.22398621 511

0.24339294 0.2415719 0.2415719 0.23478681 0.23478681 0.23478681 0.2289167 0.2289167 0.2289167 0.2289167 0.21410292 0.21410292 0.21410292 0.21410292 0.21410292 523

0.24428612 0.2300852 0.2300852 0.22538823 0.22538823 0.22538823 0.22538823 0.22538823 0.22538823 0.22538823 0.22538823 0.22538823 0.22538823 0.22538823 0.22538823 504

0.23964405 0.23964405 0.23964405 0.23964405 0.22690123 0.22690123 0.22690123 0.22690123 0.22690123 0.22690123 0.22690123 0.22690123 0.22690123 0.2216782 0.2216782 501

0.24121922 0.23475045 0.23475045 0.23110777 0.23110777 0.23110777 0.23110777 0.23110777 0.23110777 0.23110777 0.23110777 0.23110777 0.23110777 0.23110777 0.22175258 507

0.23837757 0.23134613 0.23134613 0.23134613 0.22496027 0.22496027 0.21717316 0.21717316 0.21717316 0.21717316 0.21717316 0.21717316 0.21717316 0.21717316 0.21717316 502

0.22320777 0.21722561 0.21722561 0.21722561 0.21722561 0.21722561 0.21722561 0.21722561 0.21722561 0.21722561 0.21722561 0.21722561 0.21722561 0.21722561 0.21722561 508

0.24591452 0.24081701 0.2309165 0.21869874 0.21869874 0.20502377 0.20502377 0.20502377 0.20502377 0.20502377 0.20502377 0.20502377 0.20502377 0.20502377 0.20502377 525

0.23990709 0.23990709 0.23990709 0.23990709 0.23990709 0.23990709 0.22684592 0.22684592 0.22684592 0.22684592 0.22684592 0.22684592 0.22684592 0.22684592 0.22684592 515

0.22966295 0.2246185 0.2246185 0.2246185 0.2246185 0.2246185 0.2246185 0.2246185 0.2246185 0.2246185 0.2246185 0.2246185 0.2246185 0.2246185 0.2246185 501

0.20548439 0.20548439 0.20548439 0.20548439 0.20548439 0.20548439 0.20548439 0.20548439 0.20548439 0.20548439 0.20548439 0.20548439 0.20548439 0.20548439 0.20548439 499

0.20059818 0.20059818 0.20059818 0.20059818 0.20059818 0.20059818 0.20059818 0.20059818 0.20059818 0.20059818 0.20059818 0.20059818 0.20059818 0.20059818 0.20059818 503

0.22520131 0.22520131 0.22520131 0.21550018 0.21550018 0.21550018 0.21550018 0.21550018 0.21550018 0.21550018 0.21550018 0.21550018 0.21550018 0.21550018 0.21550018 523

0.23321867 0.23321867 0.23321867 0.23321867 0.23168707 0.21824819 0.21824819 0.21824819 0.21824819 0.21824819 0.21824819 0.21824819 0.21824819 0.21824819 0.20940763 498

0.21824485 0.21824485 0.21824485 0.21824485 0.21824485 0.21824485 0.21824485 0.21824485 0.21824485 0.21610588 0.21610588 0.21610588 0.21610588 0.21610588 0.21610588 498

0.24637079 0.235919 0.235919 0.235919 0.22189933 0.22189933 0.22189933 0.22189933 0.22189933 0.22189933 0.22189933 0.22189933 0.22189933 0.22189933 0.21060294 499

0.23052722 0.23052722 0.23052722 0.23052722 0.23052722 0.21385217 0.21385217 0.21385217 0.21385217 0.21385217 0.21385217 0.21385217 0.21385217 0.21385217 0.21385217 501

0.22282559 0.22282559 0.22282559 0.22282559 0.21867698 0.21867698 0.21867698 0.21867698 0.21867698 0.21867698 0.21572685 0.21572685 0.21572685 0.21572685 0.21572685 509

0.22711873 0.22619838 0.21002156 0.21002156 0.21002156 0.21002156 0.21002156 0.21002156 0.21002156 0.21002156 0.21002156 0.21002156 0.21002156 0.21002156 0.21002156 510

0.23326254 0.23326254 0.21926612 0.21926612 0.21904325 0.21904325 0.21904325 0.21904325 0.21601933 0.21601933 0.21601933 0.21601933 0.21601933 0.21601933 0.21601933 505

0.23480779 0.23261875 0.23079365 0.23079365 0.23079365 0.23079365 0.23079365 0.23079365 0.23079365 0.21327513 0.21327513 0.21327513 0.21327513 0.21327513 0.21327513 508

0.23468226 0.22916752 0.22501755 0.22501755 0.22501755 0.22501755 0.22501755 0.22501755 0.22501755 0.21695393 0.21695393 0.20258468 0.20258468 0.20258468 0.20258468 497

0.23039371 0.20979834 0.20979834 0.20979834 0.20979834 0.20979834 0.20979834 0.20979834 0.20979834 0.20979834 0.20979834 0.20979834 0.20979834 0.20979834 0.20979834 514

0.23796827 0.2183029 0.21655083 0.21655083 0.21655083 0.21655083 0.21655083 0.21655083 0.21655083 0.21655083 0.21655083 0.21655083 0.21655083 0.21655083 0.21655083 511

0.21794051 0.21794051 0.21794051 0.21794051 0.2083072 0.2083072 0.2083072 0.2083072 0.2083072 0.2083072 0.2083072 0.2083072 0.2083072 0.2083072 0.2083072 502

0.23536086 0.23536086 0.23536086 0.22982544 0.21451074 0.21451074 0.21451074 0.21451074 0.21451074 0.21451074 0.21451074 0.21451074 0.21451074 0.21451074 0.21451074 499

0.22637016 0.22637016 0.22637016 0.22637016 0.22637016 0.21801567 0.21801567 0.21801567 0.21801567 0.21801567 0.21801567 0.21801567 0.21801567 0.21801567 0.21801567 509

0.25012046 0.25012046 0.24269533 0.2202754 0.20948529 0.20948529 0.20948529 0.20948529 0.20948529 0.20948529 0.20948529 0.20948529 0.20948529 0.20948529 0.20948529 520

0.22468776 0.22468776 0.22468776 0.22468776 0.22468776 0.22468776 0.22468776 0.21516317 0.21516317 0.21516317 0.21516317 0.21516317 0.21516317 0.20722699 0.20722699 498

0.23438483 0.23438483 0.23438483 0.22292036 0.22292036 0.22292036 0.22292036 0.22292036 0.21016246 0.21016246 0.21016246 0.21016246 0.21016246 0.21016246 0.21016246 502

0.27993345 0.27993345 0.27993345 0.27993345 0.27993345 0.27993345 0.27993345 0.27993345 0.27993345 0.27993345 0.27993345 0.27993345 0.27993345 0.27993345 0.27993345 501

0.30793983 0.30793983 0.3043573 0.3043573 0.30429834 0.3013718 0.3013718 0.3013718 0.3013718 0.3013718 0.3013718 0.29724413 0.29724413 0.29724413 0.2897218 497

0.28887528 0.28887528 0.28887528 0.28887528 0.28887528 0.28887528 0.28887528 0.28887528 0.28887528 0.28887528 0.28887528 0.28887528 0.28887528 0.28285187 0.28285187 510

0.31574124 0.31295818 0.31295818 0.29987627 0.27950984 0.27950984 0.27950984 0.27950984 0.27950984 0.27950984 0.27950984 0.27950984 0.27950984 0.27950984 0.27950984 504

0.29774672 0.29774672 0.29774672 0.29774672 0.29774672 0.29774672 0.29774672 0.29774672 0.29774672 0.29292923 0.29292923 0.29292923 0.29292923 0.29292923 0.29292923 502

0.30513483 0.30513483 0.30513483 0.30513483 0.30513483 0.30513483 0.30513483 0.30513483 0.30513483 0.30513483 0.30513483 0.30513483 0.29886848 0.29886848 0.29886848 513

0.3115037 0.3115037 0.3115037 0.3115037 0.3115037 0.3113492 0.3113492 0.30583543 0.30583543 0.30583543 0.30583543 0.30583543 0.30583543 0.30583543 0.30583543 512

0.32620794 0.3230257 0.31827688 0.3136962 0.3059749 0.29878235 0.29878235 0.29878235 0.29878235 0.29878235 0.2908681 0.2908681 0.2908681 0.2908681 0.2908681 509

0.30569607 0.27159214 0.27159214 0.27159214 0.27159214 0.27159214 0.27159214 0.27159214 0.27159214 0.27159214 0.27159214 0.27159214 0.27159214 0.27159214 0.27159214 508

0.2873084 0.2873084 0.2873084 0.2873084 0.2873084 0.2873084 0.2873084 0.2873084 0.2873084 0.2873084 0.2873084 0.2873084 0.2873084 0.2873084 0.2873084 496

0.29606462 0.29606462 0.29606462 0.29606462 0.29606462 0.29606462 0.29606462 0.29606462 0.28904182 0.28904182 0.28904182 0.28904182 0.28904182 0.28904182 0.2758646 495

0.2969942 0.2969942 0.2969942 0.2969942 0.29469484 0.29469484 0.29469484 0.29469484 0.29469484 0.29469484 0.29469484 0.29469484 0.29469484 0.29469484 0.29469484 507

0.2827795 0.2827795 0.2827795 0.2827795 0.2827795 0.2827795 0.2827795 0.2827795 0.2827795 0.2827795 0.2827795 0.2827795 0.2827795 0.2827795 0.2827795 509

0.29350215 0.29350215 0.29350215 0.29350215 0.29350215 0.29350215 0.29350215 0.29350215 0.29350215 0.29350215 0.29350215 0.29350215 0.29350215 0.29350215 0.29350215 518

0.32181984 0.32181984 0.31805515 0.3117016 0.3117016 0.30091733 0.30091733 0.30091733 0.30091733 0.30091733 0.29609108 0.29609108 0.2917269 0.2917269 0.2917269 503

0.32457668 0.3168791 0.29604554 0.29604554 0.29604554 0.293472 0.29341274 0.29174203 0.29174203 0.29174203 0.29174203 0.29174203 0.27610707 0.27610707 0.27610707 498

0.30590272 0.30590272 0.30590272 0.30590272 0.30590272 0.3029297 0.3029297 0.3029297 0.3029297 0.30203915 0.30197448 0.30197448 0.30197448 0.30197448 0.30197448 498

0.31642818 0.31034422 0.30383128 0.30383128 0.29904532 0.29904532 0.29904532 0.29904532 0.29904532 0.29904532 0.29904532 0.29904532 0.29904532 0.29904532 0.29904532 508

0.3147499 0.2907641 0.2907641 0.2907641 0.2907641 0.2907641 0.2907641 0.2907641 0.2907641 0.2907641 0.2907641 0.2907641 0.2907641 0.2907641 0.2907641 522

0.30055445 0.30055445 0.30055445 0.30055445 0.30055445 0.2863853 0.2863853 0.2863853 0.2863853 0.2863853 0.2863853 0.2863853 0.2863853 0.2863853 0.2863853 509

0.16736966 0.16736966 0.16671783 0.16671783 0.16671783 0.16671783 0.16671783 0.15120864 0.15120864 0.15120864 0.15120864 0.15120864 0.15120864 0.15120864 0.15120864 508

0.18083495 0.17230922 0.1662516 0.1662516 0.1662516 0.1662516 0.16342753 0.1529789 0.1529789 0.1529789 0.1529789 0.1529789 0.1529789 0.1529789 0.1529789 492

0.16489238 0.16489238 0.16489238 0.16489238 0.16489238 0.15919334 0.15919334 0.15919334 0.15919334 0.15919334 0.15919334 0.15919334 0.15919334 0.15375262 0.15375262 503

0.1801548 0.1801548 0.16860944 0.16266662 0.16266662 0.16266662 0.16266662 0.16073579 0.16073579 0.16073579 0.15260553 0.15260553 0.15260553 0.15260553 0.15260553 491

0.18100733 0.18100733 0.18100733 0.18100733 0.16733432 0.16733432 0.16733432 0.16733432 0.16733432 0.16733432 0.15754575 0.15754575 0.15754575 0.15754575 0.15754575 496

0.19354075 0.1821487 0.16890413 0.16077703 0.16077703 0.16077703 0.16077703 0.16077703 0.16077703 0.16077703 0.15929812 0.15929812 0.15929812 0.15929812 0.15705824 500

0.17250782 0.16395468 0.16395468 0.16395468 0.16395468 0.16395468 0.16395468 0.16395468 0.16033316 0.16033316 0.15282059 0.15282059 0.15282059 0.15282059 0.15282059 512

0.17296743 0.14967614 0.14967614 0.14967614 0.14967614 0.14967614 0.14967614 0.14967614 0.14967614 0.14967614 0.14967614 0.14967614 0.14967614 0.14967614 0.14967614 494

0.17832375 0.17689246 0.17662525 0.17662525 0.17662525 0.17540097 0.16982603 0.16686124 0.16686124 0.16686124 0.16686124 0.16686124 0.16686124 0.16686124 0.16686124 499

0.17976648 0.17007416 0.14925033 0.14925033 0.14925033 0.14925033 0.14925033 0.14925033 0.14925033 0.14925033 0.14925033 0.14925033 0.14925033 0.14925033 0.14925033 495

0.17916399 0.15528709 0.15528709 0.15528709 0.14706963 0.14706963 0.14706963 0.14706963 0.14706963 0.14706963 0.14706963 0.14706963 0.14706963 0.14706963 0.14706963 505

0.21838266 0.1864667 0.17480206 0.17480206 0.16531771 0.16531771 0.157458 0.157458 0.157458 0.157458 0.15649563 0.15649563 0.15649563 0.15649563 0.15649563 507

0.17817235 0.17817235 0.16336995 0.16336995 0.16336995 0.16336995 0.16336995 0.15836257 0.15836257 0.15836257 0.15836257 0.15836257 0.15836257 0.15836257 0.15836257 493

0.18936968 0.14813304 0.14813304 0.14813304 0.14813304 0.14813304 0.14813304 0.14813304 0.14813304 0.14813304 0.14813304 0.14813304 0.14813304 0.14813304 0.14813304 500

0.17257231 0.17257231 0.17257231 0.15797377 0.15797377 0.15797377 0.15797377 0.15797377 0.15797377 0.15797377 0.15797377 0.15797377 0.15797377 0.15797377 0.15797377 494

0.1641252 0.1641252 0.1641252 0.1641252 0.1641252 0.15865749 0.15865749 0.15865749 0.15269583 0.15269583 0.15269583 0.15269583 0.15269583 0.15269583 0.15269583 513

0.16705227 0.16705227 0.16705227 0.16705227 0.15866137 0.15284324 0.15284324 0.15284324 0.15284324 0.15284324 0.15284324 0.15284324 0.15284324 0.15284324 0.15284324 505

0.17043263 0.17043263 0.16899872 0.16545075 0.16545075 0.16470915 0.16470915 0.16470915 0.16470915 0.16470915 0.16470915 0.16470915 0.16470915 0.15058637 0.15058637 505

0.16362447 0.16362447 0.16362447 0.16362447 0.16362447 0.16362447 0.16362447 0.16362447 0.16362447 0.16362447 0.16362447 0.15496874 0.15496874 0.15496874 0.15496874 502

0.18014163 0.1791609 0.1791609 0.15180486 0.15180486 0.15180486 0.15180486 0.15180486 0.15180486 0.15180486 0.15180486 0.15180486 0.15180486 0.15180486 0.15180486 510

0.3369704 0.30345052 0.30345052 0.30345052 0.30345052 0.30345052 0.30345052 0.30345052 0.30345052 0.30345052 0.30345052 0.30345052 0.30345052 0.30345052 0.30345052 502

0.40460074 0.34091276 0.33891153 0.33891153 0.33790553 0.33790553 0.33790553 0.33790553 0.33790553 0.33485037 0.32148105 0.31003094 0.31003094 0.31003094 0.31003094 496

0.3593219 0.3593219 0.3385219 0.3385219 0.30219156 0.30219156 0.30219156 0.30219156 0.30219156 0.30219156 0.30219156 0.30219156 0.30219156 0.30219156 0.30219156 511

0.34195197 0.34195197 0.34195197 0.33647126 0.31450492 0.31450492 0.31450492 0.31450492 0.31450492 0.31450492 0.31450492 0.30916095 0.30916095 0.30916095 0.30916095 507

0.40041906 0.36360073 0.34741145 0.34741145 0.34741145 0.33293623 0.33293623 0.33293623 0.33293623 0.33293623 0.33293623 0.33293623 0.33293623 0.33293623 0.33293623 511

0.3598976 0.35339886 0.3413667 0.3413667 0.3019185 0.3019185 0.3019185 0.3019185 0.3019185 0.3019185 0.3019185 0.3019185 0.3019185 0.3019185 0.3019185 497

0.34566468 0.34566468 0.34566468 0.34566468 0.33378845 0.33378845 0.33378845 0.33378845 0.30052775 0.30052775 0.30052775 0.30052775 0.30052775 0.30052775 0.30052775 500

0.3895685 0.3895685 0.35471672 0.3370359 0.3295024 0.3295024 0.3295024 0.3295024 0.3295024 0.3295024 0.3295024 0.3295024 0.3295024 0.3295024 0.32040113 509

0.36052853 0.36052853 0.36052853 0.35236263 0.35236263 0.35236263 0.3349852 0.3349852 0.3349852 0.3349852 0.3349852 0.3349852 0.3349852 0.3349852 0.3349852 525

0.38641864 0.3042416 0.3042416 0.3042416 0.3042416 0.3042416 0.28942746 0.28942746 0.28942746 0.28942746 0.28942746 0.28942746 0.28942746 0.28942746 0.28942746 525

