1 2 3 4 5 6 7 8 9 10 11 12 13 14 15 Tiempo

15.733104 15.733104 15.733104 15.370158 14.836938 14.836938 13.949812 13.949812 13.949812 13.949812 13.949812 13.949812 13.949812 13.949812 13.949812 172

15.734846 15.734846 15.734846 15.734846 15.734846 15.734846 15.576633 15.576633 15.576633 15.576633 15.576633 15.041999 15.041999 15.041999 15.041999 165

16.148186 15.740681 15.740681 15.740681 15.740681 15.455251 15.455251 15.455251 15.455251 15.455251 15.455251 15.322065 15.322065 15.322065 15.322065 181

14.587002 14.587002 14.587002 14.587002 14.587002 14.587002 14.587002 14.587002 14.587002 14.587002 14.587002 14.587002 14.585663 14.585663 14.585663 165

15.810569 15.810569 15.810569 15.810569 15.719055 15.556507 15.556507 15.556507 14.647698 14.647698 14.647698 14.647698 14.647698 14.647698 14.647698 173

14.8866205 14.8866205 14.8866205 14.8866205 14.8866205 14.207031 14.207031 14.207031 14.207031 14.207031 14.207031 14.207031 14.207031 14.207031 14.207031 170

16.129528 16.129528 16.129528 16.129528 15.680671 15.640245 15.640245 15.640245 15.491747 15.491747 15.491747 15.491747 15.14937 15.14937 15.14937 171

16.231842 16.034428 16.034428 15.784336 15.7749 15.7749 15.7749 15.636536 15.636536 15.028917 15.028917 15.028917 15.028917 15.028917 15.028917 172

15.749837 15.749837 15.749837 14.947841 14.834766 14.834766 14.834766 14.834766 14.834766 14.834766 14.834766 14.834766 14.834766 14.834766 14.834766 171

14.520122 14.520122 14.520122 14.475725 14.475725 14.475725 14.475725 14.475725 14.475725 14.475725 14.475725 14.475725 14.475725 14.475725 14.475725 163

17.02673 16.192583 16.192583 16.192583 15.375973 15.375973 15.375973 15.375973 15.375973 15.375973 15.375973 15.375973 15.375973 15.375973 15.375973 173

15.7986145 15.7986145 14.814586 14.814586 14.814586 14.814586 14.814586 14.814586 14.814586 14.814586 14.814586 14.814586 14.814586 14.814586 14.814586 171

16.157637 16.157637 16.157637 15.809263 15.809263 15.751014 15.751014 15.751014 15.751014 15.419349 15.419349 15.419349 15.419349 15.419349 15.419349 170

15.853402 15.416094 15.416094 15.044776 15.044776 15.044776 15.044776 15.044776 15.044776 15.044776 15.044776 15.044776 15.044776 13.421194 13.421194 170

15.1889105 15.1889105 15.1889105 15.128774 15.128774 15.128774 15.128774 15.128774 14.882747 14.882747 14.882747 14.882747 14.882747 14.882747 14.882747 164

17.667389 16.441736 16.441736 15.97564 15.852853 15.712391 15.712391 15.712391 15.712391 15.712391 15.712391 15.712391 15.535444 15.535444 15.535444 173

15.659902 15.659902 15.659902 15.659902 15.659902 15.659902 15.508611 15.308733 15.308733 15.100649 15.100649 15.100649 15.100649 15.100649 15.100649 173

15.919396 15.125203 15.125203 15.125203 15.125203 15.125203 14.918969 14.918969 14.918969 14.918969 14.918969 14.918969 14.918969 14.918969 14.918969 164

15.796315 15.796315 15.796315 15.63681 15.63681 15.63681 15.63681 15.247905 15.104601 15.104601 15.104601 15.104601 15.104601 14.9348755 14.9348755 172

16.000578 15.249364 15.249364 15.249364 15.249364 15.249364 15.249364 15.249364 15.128531 15.128531 15.128531 15.128531 15.128531 15.128531 15.128531 173

14.47925 13.619519 13.619519 13.619519 13.485101 13.485101 13.485101 13.485101 13.485101 13.485101 13.485101 12.675826 12.675826 12.675826 12.675826 171

14.846808 12.664574 12.664574 12.664574 12.664574 12.664574 12.664574 12.664574 12.664574 12.664574 12.390545 12.390545 12.390545 12.390545 12.390545 164

14.619939 14.619939 12.798455 12.798455 12.798455 12.798455 12.798455 12.798455 12.798455 12.798455 12.798455 12.798455 12.798455 12.798455 12.798455 162

15.597785 14.108287 12.48828 12.48828 11.305639 11.305639 11.305639 11.305639 11.305639 11.305639 11.305639 11.305639 11.305639 11.305639 11.305639 169

13.147305 12.622405 12.622405 12.622405 12.622405 12.386942 11.828352 11.828352 11.828352 11.828352 11.828352 11.828352 11.828352 11.828352 11.828352 171

13.462952 13.462952 12.432789 12.432789 12.244975 12.244975 12.244975 12.244975 12.244975 12.244975 12.244975 12.244975 12.244975 12.244975 12.244975 175

12.068429 12.068429 12.068429 12.068429 12.068429 12.068429 12.068429 12.068429 12.068429 12.068429 12.068429 12.068429 12.068429 12.068429 12.068429 171

14.022711 14.022711 14.022711 13.249444 13.249444 13.249444 13.249444 12.446831 12.446831 12.446831 12.446831 12.446831 12.446831 12.446831 12.446831 162

14.633579 11.997581 11.997581 11.997581 11.997581 11.997581 11.997581 11.997581 11.997581 11.997581 11.847638 11.847638 11.847638 11.847638 11.847638 171

14.163252 12.319601 12.319601 12.319601 12.319601 12.319601 12.319601 12.319601 12.319601 12.319601 11.460298 11.460298 11.460298 11.460298 11.460298 171

14.744415 14.744415 14.270396 14.270396 12.89106 12.89106 12.89106 12.89106 12.89106 12.89106 12.463693 12.463693 12.463693 12.463693 12.463693 162

16.499882 14.077638 14.077638 14.077638 14.077638 13.429829 13.157698 13.157698 13.157698 13.157698 13.157698 13.157698 13.153407 13.153407 12.997319 171

13.906741 13.664227 13.664227 13.63481 13.63481 13.224256 13.224256 13.224256 13.224256 13.224256 13.224256 13.224256 13.224256 13.224256 13.224256 170

15.721673 15.384746 14.237681 12.667572 12.667572 12.667572 12.667572 12.667572 12.667572 12.667572 12.667572 12.667572 12.667572 12.667572 12.667572 171

14.245487 13.325706 13.325706 13.325706 13.325706 11.815377 11.815377 11.815377 11.815377 11.815377 11.815377 11.815377 11.815377 11.815377 11.815377 163

13.755161 13.755161 13.755161 13.755161 13.187966 13.187966 13.187966 13.187966 13.187966 13.187966 13.103074 13.103074 13.103074 11.527455 11.527455 163

15.200311 12.046676 12.041126 12.041126 12.041126 12.041126 12.041126 11.301823 11.301823 11.301823 11.301823 11.301823 11.301823 11.24181 11.24181 163

15.082356 14.344028 12.386986 12.386986 12.386986 12.386986 12.386986 12.386986 12.386986 12.386986 12.386986 12.386986 12.142335 11.492123 11.492123 163

15.642039 12.57723 12.57723 12.57723 12.438725 12.438725 12.438725 12.438725 12.438725 12.438725 12.438725 12.438725 12.438725 12.438725 12.438725 162

15.504272 15.504272 12.051822 12.051822 12.051822 12.051822 12.051822 12.051822 12.051822 12.051822 12.051822 12.051822 12.051822 12.051822 12.051822 163

12.956239 12.956239 12.956239 12.956239 12.956239 12.17511 12.17511 12.17511 12.17511 12.17511 12.17511 12.17511 12.17511 12.17511 12.17511 172

12.87977 12.272124 12.272124 12.272124 12.272124 12.272124 12.272124 12.272124 12.272124 12.272124 12.272124 12.272124 12.272124 12.272124 11.671376 168

14.251404 14.251404 14.251404 14.251404 14.251404 12.8561535 12.8561535 12.8561535 12.480329 12.480329 12.480329 12.480329 12.480329 12.480329 12.480329 163

14.409685 14.409685 12.759346 12.759346 12.759346 12.759346 12.3768215 12.3768215 12.3768215 12.3768215 12.3768215 12.3768215 12.3768215 12.3768215 12.3768215 172

11.482769 11.482769 11.482769 11.482769 11.482769 11.482769 11.482769 11.482769 11.482769 11.482769 11.482769 11.482769 11.482769 11.482769 11.482769 163

13.7217 13.7217 13.7217 12.371914 12.371914 12.371914 12.371914 12.371914 12.371914 12.371914 12.371914 12.371914 12.371914 12.371914 12.371914 168

15.299857 12.855887 12.855887 12.855887 11.122953 11.122953 11.122953 11.122953 11.122953 11.122953 11.122953 11.122953 11.122953 11.122953 11.122953 162

14.605665 12.890697 12.890697 12.890697 12.890697 12.890697 12.890697 12.890697 12.890697 12.890697 12.890697 12.890697 12.890697 12.890697 12.890697 179

15.702545 14.3129225 14.3129225 12.542416 12.542416 12.542416 12.542416 11.92329 11.92329 11.92329 11.92329 11.92329 11.92329 11.92329 11.92329 171

13.891336 13.487934 13.487934 13.3564415 13.3564415 13.3564415 13.267624 13.267624 12.955677 12.955677 12.955677 12.955677 12.955677 12.955677 12.955677 178

14.230238 13.4020195 13.4020195 13.4020195 13.4020195 13.4020195 13.4020195 13.4020195 13.4020195 13.4020195 13.4020195 13.4020195 12.97769 12.626667 12.626667 163

14.230351 14.230351 14.230351 13.571453 13.571453 13.571453 13.522336 13.522336 13.522336 13.486129 13.486129 13.486129 13.486129 12.37022 12.37022 169

13.545324 13.545324 13.545324 13.545324 13.545324 13.500952 12.411188 12.411188 12.411188 12.411188 12.411188 12.411188 12.411188 12.411188 12.411188 162

11.142971 11.142971 10.696921 10.696921 10.696921 10.696921 10.696921 10.696921 10.696921 10.696921 10.696921 10.696921 10.696921 10.696921 10.696921 162

13.714235 13.206372 13.206372 13.206372 13.206372 11.770023 11.770023 11.770023 11.770023 11.770023 11.770023 11.770023 11.770023 11.770023 11.770023 169

15.565548 15.565548 13.002913 13.002913 13.002913 13.002913 13.002913 12.163224 12.163224 12.163224 12.163224 12.163224 12.163224 12.163224 12.163224 169

14.364909 14.364909 11.93649 11.93649 11.93649 11.93649 10.860616 10.860616 10.860616 10.860616 10.860616 10.860616 10.860616 10.860616 10.860616 163

12.927082 12.927082 12.927082 12.927082 12.927082 12.927082 12.927082 12.927082 12.927082 12.927082 12.784877 12.161042 12.161042 12.161042 12.161042 163

13.164098 13.164098 13.164098 13.164098 13.164098 13.164098 13.164098 13.164098 13.164098 13.164098 13.164098 13.164098 13.164098 13.164098 13.164098 164

14.351054 13.001288 13.001288 12.686658 12.686658 10.075908 10.075908 10.075908 10.075908 10.075908 10.075908 10.075908 10.075908 10.075908 10.075908 171

10.16413 9.440573 9.440573 9.440573 9.440573 8.492438 8.492438 8.492438 8.492438 8.492438 8.492438 8.15294 8.15294 8.151104 8.151104 171

8.342949 8.342949 8.342949 8.342949 8.342949 8.342949 8.342949 8.342949 8.342949 8.342949 8.342949 8.342949 8.342949 8.342949 8.342949 171

9.13052 9.13052 9.13052 9.13052 9.13052 9.13052 9.13052 9.13052 9.13052 9.13052 9.13052 9.13052 9.13052 8.67678 8.67678 162

10.76004 10.76004 9.51769 9.51769 9.51769 9.51769 9.308011 9.308011 9.308011 9.308011 9.308011 8.5593605 8.5593605 8.5593605 8.521557 162

11.125987 9.216077 9.216077 8.825761 8.825761 8.825761 8.825761 8.825761 8.825761 8.825761 8.825761 8.350301 8.350301 8.350301 8.350301 162

9.276893 9.276893 9.276893 9.276893 9.276893 9.274219 9.274219 9.274219 9.274219 9.274219 9.274219 9.274219 9.274219 9.054676 9.054676 163

8.47801 8.47801 8.47801 8.47801 8.47801 8.47801 8.184125 8.179432 8.179432 8.179432 8.179432 8.179432 8.179432 8.179432 8.179432 171

9.847669 9.847669 9.847669 8.367074 8.367074 8.367074 8.367074 8.367074 8.367074 8.367074 8.367074 8.367074 8.367074 8.367074 8.367074 171

9.861286 8.705708 8.705708 8.705708 8.705708 8.705708 8.705708 8.705708 8.705708 8.705708 8.705708 8.705708 8.628407 8.628407 8.628407 170

8.5968075 8.5968075 8.5968075 8.5968075 8.5968075 8.5968075 8.5968075 8.5968075 8.333563 8.333563 8.333563 8.333563 8.333563 8.333563 8.333563 170

10.938647 9.896459 9.896459 9.896459 8.814129 7.772533 7.772533 7.772533 7.772533 7.772533 7.772533 7.772533 7.772533 7.772533 7.772533 170

8.182074 8.182074 8.182074 8.182074 8.182074 8.182074 8.182074 8.182074 8.182074 8.182074 8.182074 8.182074 8.182074 8.182074 8.182074 167

10.673453 9.379892 9.316952 9.316952 9.316952 9.316952 9.0475855 9.0475855 9.0475855 9.0475855 9.0475855 9.0475855 9.0475855 8.724698 8.724698 170

9.033971 9.009136 9.009136 8.550747 8.550747 8.550747 8.550747 8.550747 8.550747 8.550747 8.550747 8.550747 8.550747 8.550747 8.550747 162

11.509866 10.191845 10.086117 10.086117 10.086117 10.086117 10.030455 10.030455 9.743674 9.351439 9.351439 9.351439 9.351439 9.351439 8.366014 162

10.489028 9.969844 9.969844 8.928324 8.928324 8.866991 8.866991 8.866991 8.866991 8.866991 8.866991 8.866991 8.866991 8.866991 8.866991 160

11.188635 10.523282 10.523282 9.547047 9.547047 9.547047 9.107776 9.107776 9.107776 9.107776 9.107776 9.107776 9.107776 9.107776 8.699371 162

10.167881 10.167881 10.118634 9.373551 8.8352 8.8352 8.8352 8.8352 8.07395 8.07395 8.07395 8.07395 8.07395 8.07395 8.07395 171

9.881684 9.881684 9.334859 8.594456 8.594456 8.594456 8.594456 8.594456 8.594456 8.594456 8.594456 7.913643 7.913643 7.913643 7.913643 170

9.744106 9.744106 9.619008 9.243333 9.243333 9.243333 9.243333 9.243333 9.243333 9.243333 9.243333 9.243333 9.243333 9.18401 9.18401 169

13.19741 12.437675 12.437675 12.355588 12.355588 12.355588 12.319495 12.319495 12.319495 12.319495 11.915806 11.915806 11.8148 11.8148 11.8148 163

12.651326 11.644945 11.644945 11.644945 11.323577 11.323577 11.323577 11.323577 11.323577 11.323577 11.323577 11.323577 11.323577 11.323577 11.323577 170

13.216805 12.170709 12.170709 12.170709 12.170709 12.170709 12.170709 12.170709 12.170709 11.819562 11.819562 11.819562 11.819562 11.819562 11.819562 169

12.836166 12.061505 12.061505 12.061505 11.704738 11.704738 11.704738 11.624204 11.624204 11.624204 11.624204 11.624204 11.624204 11.624204 11.624204 172

13.376468 13.376468 12.765927 12.765927 12.765927 12.765927 12.765927 12.765927 12.269598 11.771251 11.771251 11.771251 11.63261 11.428794 11.428794 163

12.8652 12.426345 12.186634 12.186634 12.186634 12.186634 12.186634 12.186634 11.330494 11.330494 11.330494 11.330494 11.330494 11.330494 11.330494 163

13.060661 13.060661 12.61878 12.61878 12.356897 12.356897 12.356897 12.356897 12.356897 11.919231 11.136135 11.136135 11.136135 11.136135 11.136135 169

12.087131 12.087131 12.087131 12.087131 12.087131 12.087131 12.087131 12.087131 12.087131 12.087131 11.72113 11.72113 11.72113 11.72113 11.72113 162

13.335398 12.073389 12.073389 12.073389 12.073389 12.073389 12.073389 12.073389 11.512078 11.512078 11.512078 11.512078 11.512078 11.512078 11.512078 162

12.37384 12.37384 12.37384 12.37384 12.37384 12.37384 11.1261635 11.1261635 11.1261635 11.1261635 11.1261635 11.1261635 11.1261635 11.1261635 11.1261635 169

12.951552 12.951552 12.57774 12.146876 12.146876 12.146876 11.421642 11.243872 11.243872 11.243872 11.243872 11.243872 11.243872 11.243872 11.243872 169

11.966019 11.966019 11.966019 11.966019 11.403551 11.403551 11.403551 11.403551 11.403551 11.403551 11.403551 11.403551 11.403551 11.403551 11.403551 177

12.537587 12.537587 12.537587 11.304179 11.304179 11.304179 11.304179 11.304179 11.304179 11.304179 11.304179 11.304179 11.304179 11.304179 11.304179 171

13.1576185 13.1576185 12.099976 11.778833 11.778833 11.778833 11.778833 11.778833 11.778833 11.778833 11.778833 11.778833 11.778833 11.778833 11.778833 168

13.946886 11.458432 11.458432 11.458432 11.458432 11.458432 11.458432 11.458432 11.458432 11.458432 11.458432 11.458432 11.458432 11.458432 11.458432 163

13.066935 12.994606 12.994606 12.994606 12.994606 12.994606 11.38121 11.38121 11.38121 11.38121 11.38121 11.38121 11.38121 11.38121 11.38121 162

12.771323 12.771323 12.771323 12.771323 11.651181 11.651181 11.651181 11.651181 11.651181 11.651181 10.801291 10.801291 10.801291 10.801291 10.801291 163

12.337675 12.337675 12.337675 12.167139 12.167139 12.167139 12.167139 11.830751 11.830751 11.830751 11.830751 11.830751 11.830751 11.807452 11.807452 169

13.66251 13.253337 12.89476 11.765147 11.765147 11.765147 11.765147 11.765147 11.765147 11.765147 11.524421 11.524421 11.524421 11.524421 11.524421 163

13.93839 12.615745 12.615745 12.462234 12.446966 11.798919 11.798919 11.798919 11.798919 11.798919 11.798919 11.798919 11.547787 11.547787 11.547787 177

12.346573 10.633019 10.273334 10.273334 10.273334 10.273334 10.273334 10.273334 10.273334 10.273334 10.273334 10.273334 10.273334 10.273334 10.273334 161

11.200945 10.914523 10.914523 10.914523 10.806608 10.806608 10.806608 10.160622 10.160622 10.160622 10.160622 10.160622 10.160622 10.160622 10.160622 162

11.094485 11.094485 10.8782 10.8782 10.656 10.32416 9.768361 9.768361 9.768361 9.768361 9.768361 9.768361 9.768361 9.768361 9.768361 177

11.4439 9.591903 9.591903 9.591903 9.591903 9.591903 9.390904 9.390904 9.390904 9.390904 9.390904 9.390904 9.390904 9.390904 9.390904 171

15.083433 11.527207 11.3797245 11.3797245 11.3797245 11.3797245 10.635584 10.635584 10.453667 10.453667 10.453667 10.424199 10.424199 10.424199 10.424199 161

12.021583 11.097192 11.097192 11.097192 10.448648 10.448648 9.460139 9.460139 9.460139 9.460139 9.460139 9.460139 9.460139 9.460139 9.460139 169

12.294738 10.735118 10.735118 10.735118 9.77156 9.77156 9.77156 9.77156 9.77156 9.77156 9.77156 9.77156 9.77156 9.77156 9.77156 170

12.695827 10.477268 10.477268 10.477268 10.477268 10.477268 10.477268 10.477268 10.477268 10.477268 10.477268 10.477268 10.477268 10.286123 10.286123 161

11.914552 10.886283 10.886283 9.780574 9.780574 9.780574 9.780574 9.780574 9.780574 9.780574 9.780574 9.780574 9.780574 9.780574 9.197402 161

12.090258 11.557987 10.761562 10.761562 10.761562 10.761562 9.95141 9.95141 9.95141 9.95141 9.95141 9.95141 9.655536 9.655536 9.655536 176

11.9574 10.133495 10.133495 10.133495 10.133495 10.133495 10.133495 10.133495 10.133495 9.769256 9.769256 9.769256 9.769256 9.769256 9.769256 161

9.718336 9.718336 9.718336 9.718336 9.718336 9.718336 9.080326 9.080326 9.080326 9.080326 9.080326 9.080326 9.080326 9.080326 9.080326 161

12.1304455 9.904201 9.904201 9.904201 9.904201 9.904201 9.904201 9.904201 9.904201 9.820274 9.752107 9.752107 9.752107 9.752107 9.752107 169

14.721477 11.746948 10.883893 9.391306 9.391306 9.391306 9.391306 9.391306 9.391306 9.391306 9.391306 9.391306 9.391306 9.391306 9.391306 169

11.230199 10.377612 10.377612 10.377612 10.377612 10.377612 10.377612 9.71668 9.71668 9.71668 9.71668 9.71668 9.71668 9.71668 9.71668 172

11.583431 10.82566 10.82566 10.82566 10.82566 10.82566 10.82566 10.82566 10.82566 10.268009 10.268009 10.268009 9.754871 9.754871 9.754871 167

12.398551 11.120338 11.120338 11.120338 9.186832 9.186832 9.186832 9.186832 9.186832 9.186832 9.186832 9.186832 9.186832 9.186832 9.186832 168

10.93204 10.93204 10.93204 10.93204 10.737604 10.737604 10.737604 10.737604 10.737604 10.737604 10.737604 10.327876 10.327876 10.327876 9.768388 175

15.02679 11.323495 11.323495 10.059243 10.059243 10.059243 10.059243 10.059243 9.952006 9.952006 9.952006 9.952006 9.952006 9.952006 9.913309 169

11.254656 11.254656 10.857093 10.857093 10.857093 10.630101 10.630101 10.630101 10.630101 10.630101 10.630101 10.603125 10.603125 10.603125 10.603125 171

11.95561 11.95561 11.95561 11.95561 11.95561 11.95561 11.95561 11.95561 11.768832 11.768832 11.52325 11.368445 11.368445 11.368445 11.368445 170

14.964064 13.55465 12.320375 12.320375 11.146046 11.146046 11.146046 11.146046 11.02152 11.02152 11.02152 11.02152 11.02152 11.02152 11.02152 166

13.411221 10.628025 10.628025 10.628025 10.628025 10.628025 10.628025 10.628025 10.628025 10.628025 10.628025 10.628025 10.628025 10.628025 10.626063 173

13.243886 13.243886 11.6632805 11.331569 11.331569 9.56885 9.56885 9.56885 9.56885 9.56885 9.56885 9.56885 9.56885 9.56885 9.56885 173

10.957958 10.957958 10.957958 10.957958 10.957958 10.957958 10.957958 10.957958 10.957958 10.957958 10.957958 10.957958 10.957958 10.576669 10.576669 173

13.4205475 11.389093 11.389093 11.097001 9.960204 9.960204 9.960204 9.960204 9.960204 9.960204 9.960204 9.960204 9.960204 9.960204 9.960204 171

12.925434 12.925434 12.925434 11.094012 11.094012 11.094012 11.094012 11.094012 11.094012 11.094012 9.864511 9.864511 9.864511 9.864511 9.864511 170

13.343874 10.850177 10.850177 10.850177 10.850177 10.850177 10.850177 10.850177 10.772625 10.772625 10.772625 10.772625 10.772625 10.772625 10.772625 172

13.018028 11.896275 11.896275 11.896275 11.410513 11.235614 11.235614 11.235614 11.235614 11.235614 11.235614 11.235614 11.235614 11.235614 11.235614 174

12.589394 12.176353 12.176353 9.920902 9.920902 9.920902 9.920902 9.920902 9.920902 9.920902 9.920902 9.920902 9.920902 9.920902 9.920902 173

14.657704 13.766636 11.910451 11.878452 11.878452 11.878452 11.878452 11.863216 11.341351 11.341351 11.341351 11.341351 11.341351 11.341351 11.341351 174

11.2654 11.2654 11.2654 10.46364 10.46364 10.46364 10.46364 10.46364 10.46364 10.46364 10.46364 10.46364 10.46364 10.46364 10.46364 177

13.094624 13.094624 12.462509 12.462509 12.462509 11.755552 11.37391 11.37391 11.37391 11.37391 11.37391 11.37391 11.37391 11.37391 11.327152 173

12.861683 11.537847 10.308459 10.308459 10.308459 10.308459 10.308459 10.308459 10.308459 10.308459 10.308459 10.308459 10.308459 10.308459 10.308459 164

12.393806 12.393806 12.263438 12.263438 12.050788 11.892245 10.815935 10.815935 10.815935 10.815935 10.815935 10.815935 10.815935 10.815935 10.815935 165

16.13285 11.04576 11.04576 11.04576 11.04576 11.04576 11.04576 11.04576 11.04576 11.04576 11.04576 11.04576 11.04576 11.04576 11.04576 170

12.272051 12.272051 12.272051 10.740728 10.740728 10.740728 10.740728 10.740728 10.740728 10.740728 10.740728 10.740728 10.740728 10.740728 10.740728 164

13.966548 11.187078 11.187078 11.187078 11.187078 11.187078 11.187078 11.187078 11.187078 11.187078 11.187078 11.187078 11.187078 11.187078 11.187078 173

13.008755 12.881685 12.582142 12.338353 12.338353 12.006557 11.574062 11.574062 11.574062 11.574062 10.55859 10.55859 10.008633 10.008633 10.008633 171

13.4577055 11.014826 10.554273 10.554273 10.554273 10.554273 10.554273 10.554273 10.554273 10.554273 10.554273 10.554273 10.554273 10.554273 10.554273 173

14.236333 14.236333 13.484728 13.484728 13.484728 13.484728 13.484728 13.051701 13.051701 12.588741 12.588741 12.588741 12.588741 12.220267 12.220267 162

14.212467 13.199962 12.931942 12.931942 12.931942 12.931942 12.931942 12.931942 12.931942 12.931942 12.931942 12.931942 12.931942 12.835596 12.835596 172

14.361413 13.5124855 13.5124855 13.5124855 13.5124855 13.5124855 13.481083 13.1372595 13.1372595 13.1372595 13.1372595 13.1372595 13.1372595 13.1372595 13.1372595 171

13.196488 13.196488 13.196488 13.196488 13.196488 13.154981 13.154981 13.0613365 13.0613365 13.0613365 13.0613365 13.0613365 13.0613365 13.0613365 13.0613365 171

12.983193 12.983193 12.983193 12.983193 12.983193 12.911053 12.911053 12.905972 12.905972 12.1993885 12.1993885 12.1993885 12.1993885 12.1993885 12.1993885 162

13.456403 13.456403 13.45241 12.050081 12.050081 12.050081 12.050081 12.050081 12.050081 12.050081 12.050081 12.050081 12.050081 12.050081 12.050081 178

13.6912985 13.6912985 13.474804 13.474804 13.474804 12.959358 12.959358 12.959358 12.959358 12.959358 12.959358 12.959358 12.089476 12.089476 12.089476 171

12.940922 12.940922 12.800638 12.800638 12.800638 12.800638 12.800638 12.800638 12.800638 12.800638 12.800638 12.800638 12.800638 12.800638 11.814582 162

14.517802 13.7201605 13.344325 13.344325 13.344325 13.019425 12.680546 12.680546 12.680546 12.680546 12.680546 12.680546 12.680546 12.680546 12.680546 164

13.579379 13.579379 13.579379 13.579379 13.579379 13.579379 13.107365 13.107365 13.107365 13.107365 13.107365 13.107365 13.107365 13.107365 13.107365 163

13.270659 12.49258 12.49258 12.411719 12.411719 12.411719 12.411719 12.411719 10.9004965 10.9004965 10.9004965 10.9004965 10.9004965 10.9004965 10.9004965 171

14.755195 14.755195 14.176251 14.176251 13.892147 13.892147 13.892147 13.709857 13.709857 13.709857 13.709857 13.709857 13.709857 13.709857 13.702282 172

13.618735 13.442269 12.951368 12.951368 12.951368 12.548168 12.277199 12.277199 12.277199 12.277199 11.945089 11.945089 11.945089 11.945089 11.945089 164

14.071171 13.620533 13.620533 13.620533 13.5660305 13.40086 12.788174 12.788174 12.788174 12.788174 12.788174 12.788174 12.788174 12.788174 12.788174 172

13.793189 13.793189 13.793189 13.368149 13.368149 13.368149 13.368149 13.368149 13.103895 12.758578 12.758578 12.758578 12.758578 12.758578 12.758578 172

13.073626 12.989845 12.989845 12.989845 12.671023 12.671023 12.671023 12.671023 12.671023 12.671023 12.671023 12.671023 12.671023 12.671023 12.671023 170

14.487949 14.487949 13.219618 13.219618 11.470764 11.470764 11.470764 11.470764 11.470764 11.470764 11.470764 11.470764 11.470764 11.470764 11.470764 170

14.451243 13.385086 13.360292 13.360292 13.360292 13.360292 13.360292 13.360292 13.360292 13.360292 13.360292 13.360292 13.360292 13.360292 13.360292 177

12.522994 12.522994 12.522994 12.522994 12.522994 12.522994 12.522994 12.522994 12.522994 12.522994 12.522994 12.522994 12.522994 12.522994 12.522994 162

15.041216 13.910434 13.910434 13.333904 13.242123 13.242123 13.242123 13.242123 13.205803 13.205803 13.205803 13.205803 13.205803 13.205803 13.205803 162

17.293827 16.701391 16.278072 16.272596 16.272596 16.272596 16.272596 16.272596 16.272596 16.272596 16.272596 16.265999 16.265999 16.265999 16.265999 165

19.836782 17.253532 16.166801 16.166801 16.166801 15.412815 15.412815 15.412815 15.412815 15.412815 15.412815 15.412815 15.412815 15.412815 15.412815 173

16.552902 16.552902 16.552902 16.171534 16.171534 16.171534 15.63937 15.63937 15.63937 15.63937 15.63937 15.63937 15.63937 15.63937 15.63937 171

16.925724 16.925724 16.516916 16.516916 16.516916 16.516916 16.516916 16.516916 16.516916 16.516916 16.516916 16.398241 16.033495 16.033495 16.033495 173

16.637905 16.57308 15.873025 15.873025 15.873025 15.873025 15.873025 15.873025 15.873025 15.873025 15.873025 15.873025 15.398644 15.398644 15.398644 174

16.568783 16.389248 16.344557 16.15574 16.15574 16.15574 16.15574 16.15574 16.15574 15.578053 15.578053 15.578053 15.578053 15.578053 15.578053 173

15.990631 15.990631 15.990631 15.990631 15.990631 15.990631 15.990631 15.990631 15.990631 15.258555 15.258555 15.258555 15.258555 15.258555 15.258555 164

17.652308 17.652308 17.449404 16.25674 16.25674 16.131907 16.131907 16.131907 16.131907 16.131907 16.131907 16.131907 16.131907 16.131907 15.994385 171

17.401333 16.421518 16.421518 16.224518 16.224518 16.224518 16.224518 16.224518 16.224518 16.224518 16.224518 16.224518 16.224518 16.224518 16.054527 165

16.743626 16.743626 15.764779 15.764779 15.764779 15.764779 15.764779 15.764779 15.764779 15.764779 15.764779 15.764779 15.764779 15.764779 15.764779 171

17.0354 16.698025 15.08903 15.08903 15.08903 15.08903 15.08903 15.08903 15.08903 15.08903 15.08903 15.08903 15.08903 15.08903 15.08903 164

17.125732 16.692312 15.1290455 15.1290455 15.1290455 15.1290455 15.1290455 15.1290455 15.1290455 15.1290455 15.1290455 15.1290455 15.1290455 15.1290455 15.1290455 165

17.30481 16.192656 16.192656 16.144419 16.144419 15.759683 15.759683 15.759683 15.759683 15.161518 15.161518 15.161518 15.161518 14.830566 14.830566 171

17.361092 16.896124 15.533135 15.533135 15.533135 15.533135 15.533135 15.533135 15.533135 15.533135 15.533135 15.533135 15.533135 15.533135 15.533135 174

18.431257 17.10804 15.860569 15.860569 15.860569 15.860569 15.860569 15.860569 15.860569 15.860569 15.860569 15.860569 15.860569 15.860569 15.860569 164

15.188926 15.188926 15.188926 15.188926 15.188926 15.188926 15.188926 15.188926 15.188926 15.188926 15.188926 15.188926 15.188926 15.188926 15.188926 174

16.30883 16.19758 16.19758 16.19758 16.19758 16.19758 16.19758 15.606605 15.488068 15.488068 15.488068 15.488068 15.488068 15.439331 15.439331 177

16.156242 16.156242 16.156242 16.156242 16.156242 16.156242 16.156242 16.156242 16.156242 16.156242 16.156242 16.156242 16.156242 16.156242 16.156242 173

17.428438 16.689344 16.484398 16.484398 16.484398 16.484398 16.484398 15.968286 15.968286 15.968286 15.968286 15.968286 15.968286 15.968286 15.968286 164

19.266937 16.521667 16.418861 16.418861 15.8206005 15.8206005 15.8206005 15.8206005 15.8206005 15.8206005 15.549471 15.549471 15.549471 15.549471 15.549471 174

13.525247 13.525247 13.525247 13.525247 13.525247 13.525247 13.525247 13.525247 13.525247 13.525247 13.525247 13.525247 13.525247 13.525247 13.525247 173

14.07702 14.07702 14.07702 14.07702 14.07702 14.07702 14.07702 14.07702 14.07702 14.07702 14.07702 14.07702 14.07702 14.07702 14.07702 172

15.176995 14.360219 13.88123 13.88123 13.88123 13.88123 13.88123 13.88123 13.88123 13.88123 13.88123 13.88123 13.88123 13.88123 13.88123 180

14.616716 14.616716 14.616716 14.281775 14.281775 14.281775 14.281775 14.281775 14.281775 14.281775 13.911736 13.911736 13.911736 13.911736 13.727072 173

13.844848 13.844848 13.844848 13.844848 13.844848 13.844848 13.765698 13.765698 13.765698 13.765698 13.765698 13.765698 13.765698 13.765698 13.765698 164

16.729078 15.020009 15.020009 15.020009 15.020009 14.660834 13.886983 13.886983 13.886983 13.789976 13.789976 13.789976 13.789976 13.789976 13.789976 179

14.126715 14.126715 14.126715 14.126715 14.126715 14.126715 13.923037 13.923037 13.923037 13.923037 13.76967 13.76967 13.76967 13.76967 13.76967 164

14.709985 14.709985 14.709985 14.709985 14.709985 14.28578 14.234532 14.234532 14.234532 14.234532 14.234532 14.234532 14.234532 14.234532 14.234532 179

16.105299 14.477688 14.477688 14.477688 14.477688 14.477688 14.477688 14.477688 14.225658 14.225658 14.225658 14.225658 14.225658 14.225658 14.225658 164

15.924931 15.730428 14.246124 13.697573 13.697573 13.697573 13.697573 13.697573 13.697573 13.697573 13.697573 13.624762 13.624762 13.624762 13.624762 172

16.044922 14.184891 14.156549 14.156549 14.156549 13.728992 13.728992 13.728992 13.728992 13.728992 13.728992 13.728992 13.728992 13.728992 13.728992 164

13.510296 13.510296 13.510296 13.510296 13.510296 13.510296 13.510296 13.510296 13.510296 13.510296 13.510296 13.510296 13.510296 12.2797575 12.2797575 169

13.47106 13.47106 13.47106 13.47106 13.47106 13.47106 13.47106 13.47106 13.47106 13.47106 13.47106 13.47106 13.47106 13.47106 13.47106 174

14.358383 14.160076 14.160076 14.160076 14.160076 14.160076 14.160076 14.160076 14.160076 14.160076 14.160076 14.160076 14.160076 14.160076 14.160076 173

13.857073 13.857073 13.857073 13.857073 13.815939 13.815939 13.815939 13.815939 13.815939 13.815939 13.815939 13.805355 12.998396 12.998396 12.998396 174

15.836524 15.836524 14.763835 14.570411 14.570411 14.570411 14.570411 14.570411 14.570411 14.570411 14.143247 14.143247 14.143247 14.143247 14.143247 164

14.685828 14.614461 14.614461 14.614461 14.614461 14.614461 14.078891 14.078891 12.966478 12.966478 12.966478 12.966478 12.966478 12.966478 12.966478 173

15.8434925 13.983054 13.983054 13.983054 13.983054 13.983054 13.983054 13.983054 13.983054 13.983054 13.983054 13.983054 13.983054 13.983054 13.983054 165

14.833962 14.833962 13.708065 13.708065 13.708065 13.708065 13.708065 13.708065 13.708065 13.708065 13.708065 13.708065 13.708065 13.708065 13.708065 170

14.799138 14.449199 14.449199 14.449199 14.449199 14.449199 14.449199 14.449199 14.449199 13.521819 13.521819 13.521819 13.521819 13.521819 13.521819 164

14.104363 13.41074 13.41074 13.41074 13.41074 13.397622 13.397622 13.397622 13.397622 13.397622 13.397622 12.36288 12.36288 12.36288 12.36288 162

14.119129 14.119129 14.119129 14.119129 14.0174265 14.0174265 14.0174265 14.0174265 14.0174265 14.0174265 14.0174265 14.0174265 13.924701 13.924701 13.924701 173

14.206949 13.815021 13.815021 13.815021 13.815021 13.815021 13.815021 13.815021 13.815021 13.815021 13.815021 13.815021 12.85652 12.85652 12.85652 177

14.234514 14.004173 13.828638 13.828638 13.130489 13.130489 13.130489 13.130489 12.71806 12.71806 12.71806 12.71806 12.71806 12.71806 12.71806 179

14.75572 13.459517 13.459517 13.459517 13.335921 13.335921 13.335921 13.335921 13.335921 13.335921 13.335921 13.335921 13.335921 13.335921 13.335921 163

13.18173 13.18173 13.18173 13.18173 13.144886 13.144886 13.144886 13.144886 13.134787 13.134787 13.134787 13.134787 13.134787 13.134787 13.134787 169

13.415851 13.415851 13.415851 13.415851 13.415851 13.415851 13.3941145 13.3941145 13.226947 13.226947 13.226947 12.910965 12.910965 12.910965 12.910965 163

14.514559 14.514559 13.833868 13.833868 13.833868 13.833868 13.833868 13.833868 13.233227 13.233227 13.233227 13.233227 13.233227 13.233227 13.233227 179

14.157023 13.778185 13.446704 13.172886 13.172886 13.172886 13.172886 13.172886 13.172886 13.172886 13.172886 13.172886 13.172886 13.172886 13.172886 172

12.946484 12.3886175 12.3886175 12.3886175 12.3886175 12.3886175 12.3886175 12.3886175 12.3886175 12.3886175 12.3886175 12.3886175 12.3886175 12.3886175 12.3886175 172

14.14231 13.860986 13.487678 13.487678 13.487678 13.487678 12.959777 12.959777 12.959777 12.959777 12.959777 12.959777 12.959777 12.959777 12.959777 173

12.565845 12.565845 12.565845 12.565845 12.565845 12.565845 12.565845 12.565845 12.565845 12.565845 12.565845 12.565845 12.565845 12.565845 12.565845 170

14.06329 13.054728 13.054728 13.054728 13.054728 13.054728 13.054728 13.054728 13.054728 13.054728 13.054728 13.054728 13.054728 13.054728 13.054728 164

13.463374 13.463374 13.463374 13.463374 13.463374 13.463374 13.2031355 13.2031355 13.2031355 13.2031355 13.2031355 13.2031355 13.2031355 13.2031355 13.2031355 163

14.007862 14.007862 14.007862 14.007862 13.627746 13.627746 13.403757 13.403757 13.403757 13.245686 13.245686 13.245686 13.045661 13.045661 13.045661 163

13.456253 13.456253 13.456253 13.456253 13.456253 13.456253 13.456253 13.456253 13.456253 13.358669 13.358669 13.358669 13.358669 13.358669 13.309592 170

13.4483595 13.4483595 13.4483595 13.4483595 13.4483595 13.4483595 13.4483595 13.4483595 13.108852 13.108852 13.108852 13.108852 13.108852 13.108852 13.108852 173

13.466814 13.466814 13.466814 13.466814 13.466814 13.466814 13.466814 13.466814 13.466814 13.466814 13.466814 13.466814 13.466814 13.466814 13.466814 163

13.836065 13.836065 13.604081 13.548143 13.548143 13.548143 13.548143 13.548143 13.548143 13.548143 12.739529 12.739529 12.739529 12.739529 12.739529 164

14.31742 14.31742 14.31742 14.31742 14.31742 14.31742 14.31742 14.31742 14.31742 14.31742 13.548115 13.548115 13.548115 13.548115 13.548115 163

17.134928 13.348834 13.348834 13.348834 13.348834 13.348834 13.2078085 13.2078085 13.049208 13.049208 13.049208 13.049208 13.049208 13.049208 13.049208 172

13.813802 13.813802 13.813802 13.28631 13.28631 13.28631 13.28631 12.609007 12.609007 12.609007 12.609007 12.609007 12.609007 12.609007 12.440428 172

15.579534 15.502594 15.085711 14.423787 14.414843 14.414843 13.622339 13.622339 13.622339 13.622339 13.622339 13.622339 13.622339 13.505436 13.505436 165

14.476667 14.476667 14.476667 14.476667 14.476667 14.476667 14.174688 14.174688 14.174688 13.9602165 13.9602165 13.9602165 13.9602165 13.9602165 13.9602165 172

13.301972 13.301972 13.301972 13.301972 13.301972 13.301972 13.301972 13.301972 13.301972 13.301972 13.301972 13.301972 13.087167 13.087167 13.087167 163

14.058155 14.058155 14.058155 14.058155 14.058155 13.901182 13.901182 13.901182 13.901182 13.34152 13.34152 13.34152 13.34152 13.34152 13.34152 172

14.498652 13.222558 13.222558 13.222558 13.222558 13.222558 13.222558 13.222558 13.222558 13.222558 13.222558 12.897589 12.897589 12.897589 12.897589 163

14.530378 14.530378 14.337109 14.337109 14.337109 14.337109 14.337109 14.337109 14.337109 14.337109 14.090654 14.0882 14.0882 14.0882 14.0882 172

14.398522 14.078251 14.078251 12.761316 12.761316 12.761316 12.761316 12.761316 12.761316 12.761316 12.761316 12.761316 12.761316 12.761316 12.761316 163

13.836716 13.836716 13.836716 13.745093 13.745093 13.745093 13.745093 13.745093 13.745093 13.745093 13.745093 13.745093 13.745093 13.640338 13.640338 170

15.516283 13.570562 13.13459 13.13459 13.13459 13.13459 13.13459 13.13459 13.13459 13.13459 13.13459 13.13459 13.13459 12.908009 12.908009 163

14.415894 14.415894 14.415894 14.415894 14.415894 14.415894 14.415894 14.381507 14.381507 14.381507 14.381507 14.381507 14.288801 13.791749 13.791749 172

14.182596 14.182596 13.637848 13.637848 13.637848 13.442728 12.588619 12.588619 12.588619 12.588619 12.588619 12.588619 12.588619 12.588619 12.588619 164

14.276448 13.548731 13.548731 13.548731 13.548731 13.3205185 13.3205185 13.3205185 13.3205185 13.3205185 13.3205185 13.3205185 13.200601 13.200601 13.200601 178

13.935815 13.935815 13.935815 13.935815 13.935815 13.424697 13.424697 13.424697 13.269906 13.269906 13.269906 13.116604 13.116604 13.116604 13.116604 164

13.355238 13.355238 13.355238 13.355238 13.355238 13.355238 13.355238 13.355238 13.355238 13.355238 13.355238 13.355238 13.03949 13.03949 13.03949 172

14.498952 14.498952 14.498952 14.498952 14.246421 14.246421 13.405061 13.405061 13.405061 13.405061 13.405061 13.405061 13.405061 13.405061 13.405061 163

17.088488 14.066369 14.066369 14.066369 14.066369 13.973332 13.973332 13.973332 13.973332 13.973332 13.973332 13.973332 13.973332 13.973332 13.973332 165

14.006315 14.006315 14.006315 14.006315 13.449525 13.1073885 13.1073885 13.1073885 13.1073885 13.1073885 13.1073885 13.1073885 13.1073885 13.1073885 13.1073885 172

15.317708 12.922382 12.922382 12.922382 12.706303 12.706303 12.706303 12.706303 12.706303 12.46135 12.46135 12.46135 12.46135 12.46135 12.46135 163

16.957127 16.874945 16.039598 15.931213 15.931213 15.931213 15.931213 15.931213 15.931213 15.931213 15.931213 15.931213 15.931213 15.931213 15.931213 165

17.074135 17.074135 17.074135 17.074135 16.80883 16.80883 16.43671 16.43671 16.43671 16.43671 16.43671 16.354183 16.354183 16.354183 16.354183 165

16.28347 16.28347 16.28347 16.28347 16.28347 16.28347 16.28347 16.28347 16.28347 16.28347 16.28347 16.28347 16.28347 16.28347 16.28347 166

16.544935 16.544935 16.544935 16.544935 16.544935 16.544935 15.583708 15.583708 15.583708 15.583708 15.583708 15.583708 15.583708 15.583708 15.583708 165

17.082264 17.082264 16.886337 16.886337 16.187195 16.187195 16.187195 16.187195 16.187195 16.187195 16.187195 16.187195 16.187195 16.187195 16.187195 165

16.30068 16.30068 16.30068 16.30068 16.30068 16.30068 16.30068 16.30068 16.30068 16.283012 16.283012 16.279968 16.279968 16.279968 16.279968 165

15.881269 15.881269 15.881269 15.881269 15.881269 15.881269 15.881269 15.881269 15.881269 15.881269 15.881269 15.881269 15.881269 15.881269 15.881269 175

16.204643 16.204643 16.204643 15.868707 15.868707 15.868707 15.868707 15.868707 15.868707 15.868707 15.868707 15.868707 15.868707 15.868707 15.868707 173

16.535849 16.535849 16.535849 16.058556 16.058556 16.058556 16.058556 15.609318 15.609318 15.609318 15.609318 15.609318 15.609318 15.609318 15.609318 166

17.464752 17.34603 15.804236 15.689616 15.689616 15.689616 15.689616 15.689616 15.689616 15.689616 15.689616 15.689616 15.689616 15.689616 15.689616 174

17.247368 16.155416 16.155416 16.155416 16.155416 16.155416 16.155416 16.155416 16.155416 16.155416 16.155416 16.155416 16.125742 15.844831 15.844831 171

16.542576 16.542576 16.175547 16.175547 16.175547 16.003687 16.003687 16.003687 16.003687 16.003687 16.003687 16.003687 15.993022 15.993022 15.993022 165

15.774914 15.774914 15.774914 15.774914 15.774914 15.774914 15.774914 15.774914 15.774914 15.774914 15.774914 15.774914 15.774914 15.774914 15.774914 171

16.694073 16.694073 16.620296 16.300756 16.137217 16.137217 16.137217 16.137217 16.137217 16.137217 16.137217 16.137217 16.137217 16.137217 16.137217 164

16.087112 16.087112 16.087112 16.087112 16.087112 16.087112 16.087112 16.087112 16.087112 16.087112 16.087112 16.087112 16.087112 16.087112 16.087112 165

17.128708 17.128708 16.974596 16.760519 16.450933 16.450933 16.450933 16.450933 16.450933 16.450933 16.450933 16.450933 16.450933 16.450933 16.02397 175

17.031654 17.031654 16.752096 16.752096 16.752096 16.752096 16.003937 16.003937 16.003937 16.003937 16.003937 16.003937 16.003937 16.003937 16.003937 172

16.618128 16.618128 16.618128 16.027727 16.027727 15.747833 15.747833 15.747833 15.747833 15.747833 15.747833 15.747833 15.747833 15.747833 15.747833 174

16.892168 16.892168 16.892168 16.435448 15.499106 15.499106 15.499106 15.499106 15.499106 15.499106 15.499106 15.499106 15.499106 15.499106 15.499106 171

16.591858 16.578745 16.578745 16.578745 16.578745 16.578745 16.578745 16.501667 16.501667 16.501667 16.306644 16.306644 16.306644 16.306644 16.306644 164

15.857761 14.833003 12.743236 12.743236 12.743236 12.743236 12.743236 12.743236 12.743236 12.743236 12.743236 12.743236 12.743236 12.743236 12.743236 170

16.944925 15.850954 15.603487 15.603487 14.597324 14.597324 13.3962345 13.3962345 13.3962345 13.3962345 13.3962345 13.3962345 13.3962345 13.3962345 13.3962345 170

14.382891 14.382891 14.309658 14.309658 14.309658 14.309658 14.309658 14.309658 14.309658 14.309658 14.309658 14.309658 14.309658 14.309658 14.309658 163

14.8147545 14.8147545 14.8147545 14.8147545 14.8147545 14.564711 14.564711 14.564711 14.564711 14.564711 14.564711 14.564711 14.564711 14.564711 14.564711 173

15.755687 15.755687 15.755687 13.668557 13.668557 13.668557 13.668557 13.668557 13.668557 13.668557 13.668557 13.668557 13.668557 13.668557 13.668557 170

15.524852 15.524852 14.6475115 14.6475115 13.808153 13.253065 13.253065 13.253065 13.253065 13.253065 13.253065 13.253065 13.253065 13.253065 13.253065 172

13.977127 13.977127 13.977127 13.977127 13.977127 13.977127 13.977127 13.977127 13.977127 13.977127 13.977127 13.658075 13.578434 13.578434 13.578434 172

15.34483 12.981865 12.981865 12.981865 12.981865 12.981865 12.981865 12.981865 12.981865 12.981865 12.981865 12.981865 12.981865 12.981865 12.981865 164

15.884501 15.884501 14.803226 14.803226 14.696293 14.3738165 14.3738165 14.3738165 14.3738165 14.3738165 14.3738165 14.3738165 14.3738165 14.3738165 13.906987 172

14.97644 14.97644 14.97644 14.97644 14.663432 14.663432 14.534622 14.534622 14.534622 14.534622 14.534622 14.534622 14.534622 14.534622 14.534622 163

14.8489485 14.8489485 14.078391 14.078391 14.078391 14.078391 14.078391 14.040002 14.040002 14.040002 14.040002 14.040002 14.040002 14.040002 14.040002 173

16.216251 15.381741 15.381741 14.690909 14.690909 14.690909 14.690909 14.690909 14.690909 14.690909 14.054345 14.054345 14.054345 14.054345 14.054345 164

14.521386 14.521386 14.521386 14.521386 14.521386 14.521386 14.521386 14.521386 14.521386 14.521386 14.521386 14.521386 14.521386 13.76852 13.76852 171

15.291545 15.291545 14.802772 14.802772 14.802772 14.0333185 13.720558 13.720558 13.720558 13.720558 13.720558 13.720558 13.720558 13.720558 13.720558 173

14.94666 14.94666 14.94666 14.441084 13.90051 13.90051 13.90051 13.90051 13.90051 13.90051 13.90051 13.90051 13.90051 13.90051 13.90051 164

15.621107 15.4953575 15.4953575 15.289507 15.289507 15.289507 14.216968 14.216968 14.216968 14.216968 13.612859 13.612859 13.612859 13.612859 13.612859 173

14.423425 14.423425 14.423425 14.423425 14.423425 14.423425 14.423425 14.423425 14.423425 14.423425 14.423425 14.423425 14.423425 14.423425 14.423425 164

13.842 13.842 13.842 13.842 13.842 13.842 13.842 13.842 13.842 13.842 13.842 13.842 13.842 13.842 13.842 164

14.776235 13.665619 13.665619 13.665619 13.665619 13.665619 13.665619 13.665619 13.665619 13.665619 13.665619 13.665619 13.665619 13.665619 13.533825 164

13.502415 13.502415 13.502415 13.502415 13.502415 13.502415 13.502415 13.502415 13.502415 13.502415 13.502415 13.502415 13.502415 13.502415 13.474985 170

19.165134 18.719341 18.719341 18.333849 18.019524 18.019524 18.019524 18.019524 18.019524 18.019524 18.019524 18.019524 18.019524 18.019524 18.019524 168

19.658688 18.64426 18.64426 18.64426 18.64426 18.64426 17.521713 17.521713 17.521713 17.521713 17.521713 17.521713 17.521713 17.521713 17.521713 162

18.27217 18.27217 18.27217 18.27217 18.27217 18.27217 18.27217 18.27217 18.27217 18.27217 18.27217 18.27217 18.034601 18.034601 18.034601 162

18.482637 18.482637 18.482637 17.896658 17.896658 17.896658 17.626709 17.626709 17.626709 17.626709 17.626709 17.626709 17.626709 17.626709 17.626709 170

19.167725 18.488508 17.869759 17.869759 17.869759 17.869759 17.869759 17.416151 17.416151 17.416151 17.416151 17.416151 17.416151 17.416151 17.416151 170

19.058912 17.80621 17.80621 17.80621 17.80621 17.80621 17.80621 17.80621 17.80621 17.80621 17.80621 17.80621 17.80621 17.80621 17.80621 162

19.41399 19.41399 18.785046 18.785046 18.785046 18.785046 18.785046 17.035639 17.035639 17.035639 17.035639 17.035639 17.035639 17.035639 17.035639 170

18.03108 18.03108 18.03108 18.03108 18.03108 18.03108 18.03108 18.03108 18.03108 18.03108 18.03108 18.03108 18.03108 17.71106 17.71106 163

18.562477 18.562477 18.313507 18.313507 17.997265 17.997265 17.997265 17.79722 17.79722 17.79722 17.79722 17.79722 17.79722 17.79722 17.79722 163

19.458569 19.458569 18.644276 18.422024 18.422024 18.191923 18.191923 18.191923 18.191923 18.191923 18.191923 17.691294 17.691294 17.667995 17.667995 171

18.28599 18.28599 17.315138 17.315138 17.315138 17.315138 17.315138 17.315138 17.315138 17.315138 17.027992 17.027992 17.027992 17.027992 17.027992 179

18.500711 18.141916 18.141916 18.141916 18.141916 17.602684 17.602684 17.602684 17.602684 17.602684 17.602684 17.602684 17.602684 17.602684 17.602684 161

18.657314 18.657314 18.657314 18.657314 18.657314 18.657314 18.232296 18.232296 18.232296 18.232296 18.232296 18.220154 17.907097 17.907097 17.907097 162

19.909084 19.909084 19.261223 18.81872 17.872782 17.872782 17.872782 17.872782 17.872782 17.872782 17.872782 17.872782 17.872782 17.872782 17.872782 162

19.527754 17.926899 17.926899 17.926899 17.926899 17.926899 17.926899 17.131248 17.131248 17.131248 17.131248 17.131248 17.131248 17.131248 17.131248 170

18.583275 18.15501 18.014414 18.014414 18.014414 18.014414 18.014414 18.014414 18.014414 18.014414 18.014414 18.014414 18.014414 18.014414 18.014414 169

19.605534 18.750816 18.750816 18.750816 18.750816 18.750816 18.750816 18.750816 17.838837 17.647423 17.647423 17.647423 17.647423 17.580397 17.580397 164

18.871864 18.871864 18.035362 18.035362 18.035362 18.035362 18.035362 18.035362 18.035362 18.035362 18.035362 18.035362 18.035362 17.18028 17.18028 170

18.253218 18.253218 17.667704 17.667704 17.667704 17.667704 17.667704 17.667704 17.667704 17.667704 17.667704 17.667704 17.667704 17.667704 17.667704 162

19.572096 19.572096 18.437063 17.504845 17.504845 17.504845 17.342321 17.342321 17.342321 17.342321 17.342321 17.342321 17.342321 17.342321 17.342321 171

13.524289 13.524289 13.524289 13.524289 13.524289 13.524289 13.524289 13.524289 13.524289 13.524289 13.524289 13.524289 13.524289 13.524289 13.420098 170

13.923678 13.923678 13.923678 13.923678 13.923678 13.923678 13.436533 13.436533 13.436533 13.436533 13.436533 13.436533 13.436533 13.436533 13.436533 170

15.665196 15.665196 15.665196 15.665196 15.644176 14.65155 14.65155 14.65155 14.65155 14.65155 14.65155 14.65155 14.65155 14.65155 14.65155 168

17.217735 14.871863 14.871863 13.380861 13.380861 13.380861 13.380861 13.380861 13.380861 13.380861 13.380861 13.380861 13.380861 13.380861 13.380861 170

16.680656 15.03253 12.7869005 12.7869005 12.690164 12.690164 12.690164 12.690164 12.690164 12.690164 12.690164 12.690164 12.690164 12.690164 12.690164 171

15.171641 14.90865 14.90865 14.90865 14.90865 14.801453 14.233802 14.233802 14.2097 13.814411 13.814411 13.814411 13.814411 13.814411 12.883511 167

13.785398 13.785398 13.785398 13.785398 13.785398 13.785398 13.785398 13.785398 13.785398 13.785398 13.785398 13.785398 13.785398 13.785398 13.785398 167

13.604315 13.604315 13.604315 13.604315 13.604315 13.604315 13.604315 13.604315 13.604315 13.604315 13.604315 13.604315 13.604315 13.604315 13.604315 176

14.537221 14.537221 13.604339 13.541386 13.541386 13.541386 13.541386 13.541386 13.541386 13.541386 13.541386 13.541386 13.541386 13.541386 13.541386 167

13.861893 13.861893 13.861893 13.861893 13.861893 13.861893 13.861893 13.861893 13.861893 13.861893 13.861893 13.861893 13.861893 12.805313 12.805313 169

16.84598 13.922669 13.759444 13.759444 13.759444 13.759444 13.30099 13.30099 13.30099 13.30099 13.30099 12.239144 12.239144 12.239144 12.239144 170

15.516344 14.01529 14.01529 14.01529 14.01529 14.003057 14.003057 14.003057 14.003057 13.250462 13.250462 13.250462 13.250462 13.250462 13.250462 169

15.161506 15.161506 13.6389475 13.6389475 13.6389475 13.6389475 13.6389475 13.6389475 13.6389475 13.6389475 13.234987 13.234987 13.234987 13.234987 13.234987 170

15.4530945 15.4530945 15.4530945 14.274711 14.274711 14.274711 14.274711 14.274711 14.274711 14.274711 14.274711 14.274711 13.885059 13.885059 13.885059 161

15.5582075 15.5582075 13.659633 13.659633 13.659633 13.659633 13.659633 13.659633 13.659633 13.659633 13.659633 12.8646965 12.8646965 12.8646965 12.8646965 167

16.344505 16.344505 15.131989 15.131989 15.131989 15.131989 15.131989 15.131989 13.35659 13.35659 13.35659 13.35659 13.35659 13.35659 13.35659 170

15.658129 14.926412 14.564518 14.564518 14.564518 14.250883 14.250883 14.250883 14.250883 13.535444 13.535444 13.535444 13.535444 13.535444 13.535444 178

16.318668 15.026317 13.824338 13.824338 13.824338 13.824338 13.824338 13.824338 13.824338 13.824338 12.506063 12.506063 12.506063 12.506063 12.506063 163

15.593601 15.593601 15.593601 14.499364 14.499364 14.499364 14.499364 13.709792 13.709792 13.709792 13.709792 13.709792 13.709792 13.709792 13.709792 171

15.525969 15.525969 14.732235 14.732235 14.732235 14.732235 14.732235 14.732235 13.964239 13.964239 13.964239 13.964239 13.964239 13.964239 13.964239 168

15.13198 15.042186 15.042186 14.504296 14.504296 14.0316 14.0316 14.0316 14.0316 14.0316 14.0316 14.0316 14.0316 14.0316 13.777347 162

15.203349 15.203349 13.642834 13.140321 13.140321 13.140321 13.140321 13.140321 13.140321 13.140321 13.140321 13.140321 13.140321 13.140321 13.140321 162

14.78558 14.78558 13.620732 13.620732 13.620732 13.620732 13.620732 13.620732 13.620732 13.620732 13.620732 13.620732 13.620732 13.620732 13.620732 169

13.661449 13.661449 13.661449 13.661449 13.661449 13.661449 13.661449 13.661449 13.661449 13.661449 13.661449 13.661449 13.661449 13.661449 13.661449 177

14.715358 14.715358 14.715358 14.715358 14.715358 14.206902 14.206902 14.206902 14.206902 14.206902 14.206902 14.206902 14.206902 14.206902 14.206902 162

14.506527 14.183213 14.183213 14.183213 14.183213 14.183213 14.183213 14.183213 14.183213 14.183213 14.183213 14.183213 14.183213 13.878513 13.878513 162

13.215887 13.215887 13.215887 13.215887 13.215887 13.215887 13.215887 13.215887 13.215887 13.215887 13.215887 13.215887 13.215887 13.215887 13.215887 168

14.751026 14.3744545 14.3744545 14.340275 14.317359 14.317359 14.317359 14.317359 14.317359 14.317359 14.317359 14.317359 14.317359 14.317359 14.317359 169

12.608479 12.608479 12.608479 12.608479 12.608479 12.608479 12.608479 12.608479 12.608479 12.608479 12.608479 12.608479 12.608479 12.608479 12.608479 168

15.813304 15.813304 15.76791 14.82903 14.052195 14.052195 14.052195 14.052195 14.052195 14.052195 14.052195 14.052195 14.052195 14.010068 14.010068 170

15.359242 15.359242 14.273826 14.273826 14.273826 14.273826 14.202335 14.202335 14.180389 14.180389 14.180389 14.180389 14.180389 14.180389 13.798565 162

15.562317 14.841193 14.841193 14.841193 14.841193 14.841193 14.841193 14.841193 14.841193 14.841193 14.841193 14.841193 14.841193 14.841193 14.841193 169

14.445177 14.445177 14.445177 14.028754 13.6866865 13.6866865 13.6866865 13.6866865 13.6866865 13.6866865 13.3284645 13.3284645 13.3284645 13.3284645 13.3284645 161

15.771574 15.771574 15.771574 14.088348 14.088348 12.5526905 12.5526905 12.5526905 12.5526905 12.5526905 12.5526905 12.5526905 12.5526905 12.5526905 12.5526905 171

15.134779 14.165223 14.165223 14.165223 13.842652 13.842652 13.842652 13.842652 13.842652 13.842652 13.842652 13.842652 13.842652 13.842652 13.842652 171

15.07545 14.347131 14.347131 14.347131 13.980755 13.980755 13.980755 13.980755 13.980755 13.980755 13.980755 13.980755 13.980755 13.980755 13.980755 168

15.643049 14.490126 14.490126 14.490126 14.490126 13.61393 13.61393 13.61393 13.61393 13.61393 13.61393 13.61393 13.552648 13.552648 13.552648 162

14.220968 14.220968 14.220968 13.60389 13.60389 13.60389 13.60389 13.60389 13.600978 13.600978 13.600978 13.600978 13.600978 13.600978 13.600978 171

15.390141 15.390141 15.390141 15.390141 15.390141 14.5815935 13.84872 13.749978 13.749978 13.749978 13.749978 13.749978 13.749978 13.749978 13.749978 170

14.855184 14.259496 14.259496 14.259496 13.789635 13.789635 13.789635 13.789635 13.789635 13.789635 13.789635 13.789635 13.789635 13.789635 13.789635 177

12.674393 12.674393 12.674393 12.674393 12.674393 12.674393 12.674393 12.674393 12.674393 12.674393 12.674393 12.674393 12.559759 12.559759 12.559759 170

13.642984 13.642984 13.642984 13.642984 13.642984 13.642984 13.642984 13.642984 13.642984 13.642984 13.642984 13.642984 13.642984 13.642984 13.642984 171

16.77178 16.376944 16.376944 15.671497 14.5502825 14.5502825 13.009342 13.009342 13.009342 13.009342 13.009342 13.009342 13.009342 13.009342 13.009342 178

14.634774 14.295634 14.295634 12.92211 12.92211 12.92211 12.92211 12.92211 12.92211 12.92211 12.92211 12.92211 12.92211 12.92211 12.92211 164

15.539361 14.707295 14.707295 14.707295 14.34077 14.27834 14.27834 14.27834 14.27834 14.27834 14.27834 14.27834 14.27834 14.27834 14.043255 164

15.575049 15.575049 15.090471 15.090471 15.090471 14.483989 14.483989 14.483989 14.483989 14.483989 14.483989 14.483989 14.483989 14.483989 14.483989 173

15.6863575 15.196852 14.459988 14.459988 14.459988 14.459988 14.459988 14.459988 14.459988 14.459988 13.119011 13.119011 13.119011 13.119011 13.119011 170

14.744832 14.744832 14.744832 14.744832 14.744832 14.744832 14.744832 14.744832 12.97732 12.97732 12.97732 12.97732 12.97732 12.97732 12.97732 171

14.615315 14.615315 14.615315 14.615315 14.615315 14.615315 14.615315 14.615315 14.468471 14.468471 14.468471 14.468471 14.468471 14.468471 14.468471 171

14.712501 14.712501 14.712501 14.712501 14.712501 14.712501 14.712501 14.712501 13.232005 13.232005 13.232005 13.232005 13.232005 13.232005 13.232005 173

14.664982 14.664982 14.664982 14.664982 14.664982 14.664982 14.664982 14.664982 14.200064 14.200064 14.200064 13.791248 13.791248 13.791248 13.791248 172

14.274351 14.274351 13.535946 13.535946 13.535946 13.535946 13.535946 13.535946 13.535946 13.535946 13.535946 13.535946 13.535946 13.535946 13.535946 172

14.420632 14.420632 13.3195715 13.3195715 13.3195715 13.3195715 13.3195715 13.3195715 13.3195715 13.3195715 13.3195715 13.3195715 13.3195715 13.3195715 13.3195715 173

15.944057 14.277415 14.277415 14.277415 14.277415 14.277415 14.277415 14.277415 13.718357 13.718357 13.718357 13.718357 13.718357 13.718357 13.718357 166

14.441677 14.441677 14.413836 14.413836 14.413836 14.413836 14.413836 14.413836 14.413836 14.413836 14.413836 14.413836 14.413836 13.390157 13.390157 171

13.878788 13.878788 13.878788 13.878788 13.878788 13.878788 13.878788 13.878788 13.878788 13.878788 13.878788 13.878788 13.878788 13.878788 13.878788 164

13.268061 13.268061 13.268061 13.268061 13.268061 13.268061 13.268061 13.268061 13.268061 13.268061 13.268061 13.268061 13.268061 13.268061 13.268061 169

16.51833 14.523154 14.523154 14.523154 14.523154 14.523154 14.523154 13.676376 13.676376 13.676376 13.676376 13.676376 12.931652 12.931652 12.931652 173

15.166484 15.166484 15.166484 14.123229 14.123229 14.123229 14.123229 14.123229 13.525025 13.525025 13.525025 13.525025 13.525025 13.525025 13.525025 173

15.59954 14.210392 14.210392 14.210392 14.210392 14.210392 14.210392 14.210392 14.210392 14.210392 14.210392 14.210392 14.210392 14.210392 14.210392 163

14.521425 14.521425 14.521425 14.312373 14.312373 13.861903 13.861903 13.861903 13.608101 13.337498 13.337498 13.337498 13.337498 13.337498 13.337498 171

13.283292 13.283292 13.283292 13.283292 13.283292 13.24063 13.24063 13.24063 13.24063 11.49752 11.49752 11.49752 11.49752 11.49752 11.49752 163

13.559158 12.921042 12.921042 12.921042 12.921042 12.921042 12.921042 12.921042 12.921042 12.921042 12.921042 12.921042 12.921042 12.921042 12.720525 172

13.211891 13.211891 13.211891 13.211891 13.211891 13.211891 12.818174 12.818174 12.818174 12.818174 12.818174 12.818174 12.814054 12.6331215 12.6331215 163

14.526644 14.526644 12.350897 12.350897 12.350897 12.350897 12.350897 12.350897 12.180533 12.180533 12.180533 12.180533 12.180533 12.180533 12.180533 178

12.852566 12.852566 12.852566 12.852566 12.852566 12.827947 12.827947 12.827947 12.827947 12.827947 12.827947 12.827947 12.827947 12.827947 12.377936 172

14.410773 12.368153 12.368153 12.368153 12.368153 12.368153 12.368153 12.368153 12.368153 12.368153 12.368153 12.368153 12.368153 12.368153 12.368153 172

12.657835 12.657835 12.657835 12.657835 12.104685 12.104685 12.104685 12.104685 12.104685 12.104685 12.104685 11.246646 11.246646 11.246646 11.246646 169

13.584158 13.584158 13.584158 12.478763 12.478763 12.478763 12.478763 12.478763 12.478763 12.478763 12.478763 12.478763 12.478763 12.478763 12.478763 162

13.199187 13.199187 13.199187 13.199187 13.199187 13.199187 13.199187 13.199187 13.199187 13.199187 13.199187 13.199187 13.199187 13.199187 13.199187 170

12.813687 12.813687 12.813687 12.813687 12.813687 12.813687 12.473353 12.473353 12.473353 12.473353 12.473353 12.473353 12.473353 12.473353 12.473353 162

14.317261 14.317261 13.631535 13.631535 13.520922 13.520922 13.152736 13.152736 13.152736 13.152736 13.152736 13.152736 13.152736 13.152736 13.152736 162

14.601039 13.653904 13.653904 13.653904 13.653904 13.653904 13.653904 13.653904 13.653904 13.653904 13.653904 13.653904 13.653904 11.972221 11.972221 163

15.097111 14.004274 14.004274 13.164523 13.164523 13.164523 13.164523 13.164523 13.164523 13.164523 13.164523 13.164523 13.164523 13.164523 12.3819895 170

13.871441 13.871441 13.599829 13.599829 13.599829 13.599829 13.599829 13.599829 13.599829 13.599829 13.353144 12.785543 12.785543 12.785543 12.785543 178

12.837072 12.837072 12.837072 12.457915 12.457915 12.457915 12.457915 12.457915 12.457915 12.457915 12.457915 12.457915 12.457915 12.457915 12.457915 169

12.988118 12.703936 12.703936 12.703936 12.703936 12.703936 12.703936 12.703936 12.703936 12.703936 12.703936 12.703936 12.703936 12.703936 12.703936 164

14.461018 14.461018 13.311352 13.311352 13.311352 13.311352 12.383139 12.383139 12.383139 12.363819 12.363819 12.363819 12.363819 12.363819 12.363819 171

12.623654 12.623654 12.623654 12.623654 12.623654 12.623654 12.623654 12.623654 12.623654 12.623654 12.622558 12.622558 12.622558 12.622558 12.622558 171

12.968332 12.968332 12.968332 12.968332 12.803272 12.803272 12.803272 12.803272 12.803272 12.2891 12.2891 12.2891 12.2891 12.2891 12.2891 175

12.431408 12.244943 11.8969555 11.8969555 11.8969555 11.8969555 11.8969555 11.849166 11.849166 11.849166 11.849166 11.421871 11.421871 11.421871 11.421871 164

11.910754 11.910754 11.910754 11.910754 11.910754 11.910754 11.910754 11.910754 11.910754 11.910754 11.910754 11.910754 11.910754 11.910754 11.910754 164

13.721182 13.721182 13.1160145 12.553293 12.319681 12.261155 12.261155 12.261155 12.261155 12.261155 11.931789 11.931789 11.931789 11.085076 11.085076 164

12.505241 12.505241 12.505241 12.197171 12.197171 12.197171 12.197171 11.523411 11.523411 11.523411 11.523411 11.523411 11.523411 11.523411 11.523411 164

12.28577 12.28577 11.43609 11.43609 11.43609 11.43609 11.43609 11.43609 11.43609 11.43609 11.43609 11.43609 11.43609 11.43609 11.43609 164

13.359222 13.359222 12.214983 12.214983 12.214983 12.214983 12.214983 12.214983 12.214983 12.214983 12.214983 12.214983 12.214983 12.115483 12.115483 176

11.425933 11.425933 11.425933 11.425933 11.425933 11.425933 11.425933 11.425933 11.425933 11.425933 11.425933 11.425933 11.425933 11.425933 11.425933 173

11.516467 11.516467 11.516467 11.516467 11.516467 11.516467 11.516467 11.516467 11.516467 11.516467 11.516467 11.516467 11.516467 11.516467 11.516467 170

13.368944 11.957228 11.957228 11.957228 11.896768 11.896768 11.896768 11.896768 11.896768 11.896768 11.896768 11.896768 11.896768 11.896768 11.896768 174

13.057677 12.656041 12.656041 12.656041 12.656041 12.656041 12.328371 12.328371 12.328371 12.328371 12.229865 12.229865 12.229865 12.229865 12.229865 172

13.829906 13.829906 12.788639 11.845946 11.845946 11.845946 11.845946 11.845946 11.845946 11.845946 11.845946 11.845946 11.845946 11.845946 11.845946 172

13.78677 13.78677 12.779737 12.779737 12.779737 12.779737 12.779737 12.779737 12.779737 12.779737 12.758158 12.745838 10.345224 10.345224 10.345224 163

10.912853 10.912853 10.912853 10.912853 10.912853 10.912853 10.912853 10.912853 10.912853 10.912853 10.912853 10.912853 10.912853 10.912853 10.912853 164

13.086208 12.561242 12.561242 12.561242 12.561242 12.561242 12.561242 12.561242 12.407353 12.407353 11.976909 11.976909 11.976909 11.976909 11.976909 164

15.245137 13.408115 12.98733 12.928471 12.928471 12.928471 11.856126 11.856126 11.856126 11.856126 11.856126 11.856126 11.856126 11.856126 11.856126 163

12.660381 12.610342 12.610342 12.610342 11.597576 11.597576 11.597576 11.597576 11.597576 11.597576 11.597576 11.597576 11.597576 11.597576 11.597576 174

12.450707 12.450707 12.450707 12.450707 12.450707 12.450707 12.450707 11.927033 11.927033 11.687321 11.687321 11.687321 11.687321 11.687321 11.687321 162

13.757224 13.757224 13.757224 13.047611 12.775624 12.775624 12.775624 11.949213 11.812623 11.812623 11.812623 11.812623 11.812623 11.812623 11.812623 172

12.008395 12.008395 12.008395 12.008395 11.633382 11.633382 11.633382 11.633382 11.633382 11.633382 11.633382 11.633382 11.633382 11.633382 11.633382 163

14.142177 13.294334 13.294334 12.438462 12.438462 12.438462 12.14066 12.14066 12.14066 12.14066 12.14066 12.14066 12.14066 12.14066 12.14066 163

14.389391 13.1365385 13.1365385 13.1365385 13.1365385 13.1365385 13.1365385 13.1365385 13.1365385 13.1365385 13.1365385 13.1365385 13.1365385 13.1365385 13.1365385 166

14.565083 13.961456 13.905062 13.905062 13.905062 13.905062 13.905062 13.905062 13.905062 13.905062 13.905062 13.905062 13.905062 13.905062 13.905062 174

13.249901 13.249901 13.249901 13.249901 13.249901 13.249901 13.249901 13.249901 13.249901 13.249901 13.249901 13.249901 13.249901 13.249901 13.249901 164

14.064228 14.064228 14.064228 14.064228 13.770613 13.770613 13.770613 13.770613 12.352379 12.352379 12.352379 12.352379 12.352379 12.352379 12.352379 164

14.446036 14.13113 14.13113 13.534375 12.472953 12.472953 12.472953 12.472953 12.472953 12.472953 12.472953 12.472953 12.472953 12.472953 12.472953 173

13.613767 13.613767 13.613767 13.613767 13.613767 13.613767 13.613767 13.613767 13.613767 13.613767 13.613767 13.613767 13.613767 12.909778 12.909778 174

13.687221 13.687221 13.687221 13.687221 13.687221 13.687221 13.687221 13.125849 13.125849 13.125849 13.125849 13.125849 13.125849 13.125849 13.125849 167

14.075916 14.075916 14.068671 14.065643 14.065643 13.824507 13.337185 13.301945 13.301945 13.301945 13.301945 13.301945 13.301945 13.301945 13.301945 165

14.49316 13.391164 13.391164 13.391164 13.391164 13.391164 13.391164 13.391164 13.391164 13.391164 13.391164 13.391164 13.391164 13.307937 13.307937 165

13.49642 13.49642 13.49642 13.49642 13.49642 13.49642 13.49642 13.49642 13.49642 13.49642 13.49642 13.49642 13.49642 13.49642 13.49642 166

12.779349 12.779349 