1 2 3 4 5 6 7 8 9 10 11 12 13 14 15 Tiempo

320.058 320.058 320.058 320.058 320.058 312.24265 310.70358 309.79077 309.79077 309.79077 309.79077 309.35226 309.35226 309.35226 309.35226 109

170.05238 155.9077 155.9077 138.4327 138.4327 138.4327 138.4327 138.4327 138.4327 138.4327 138.4327 138.4327 138.4327 138.4327 138.3076 120

145.76086 145.76086 145.76086 145.76086 145.76086 145.76086 145.76086 145.76086 137.96614 137.96614 137.96614 137.96614 137.96614 137.77275 128.98492 74

122.80102 122.80102 122.80102 122.80102 122.80102 122.80102 122.80102 122.80102 122.80102 122.80102 122.80102 122.80102 122.80102 122.80102 122.80102 80

137.95233 137.95233 137.95233 137.95233 137.95233 137.95233 137.95233 137.95233 137.95233 137.95233 137.95233 137.95233 137.95233 137.95233 137.95233 71

263.89664 235.61247 235.61247 235.61247 233.98338 207.21773 207.21773 207.21773 207.21773 199.79597 199.79597 199.79597 199.79597 199.79597 199.79597 81

197.60637 177.12195 177.12195 177.12195 177.12195 177.12195 177.12195 171.80634 169.55469 167.42357 165.80122 164.19908 164.19908 164.11748 164.11748 85

113.16132 113.16132 113.16132 113.16132 113.16132 113.16132 113.16132 113.16132 113.16132 113.16132 113.16132 113.16132 113.16132 113.16132 105.81197 82

492.74707 492.74707 492.74707 492.74707 492.74707 492.74707 492.74707 492.74707 492.74707 492.74707 492.74707 492.74707 492.74707 492.74707 492.74707 130

201.56398 201.56398 198.78194 197.30312 197.30312 197.30312 197.30312 197.30312 197.30312 197.30312 197.30312 197.30312 197.30312 197.30312 197.30312 85

199.28491 199.28491 199.28491 199.28491 173.95514 164.01714 161.81621 160.18024 160.18024 160.18024 159.16585 158.16145 158.16145 158.16145 158.16145 121

277.75024 277.75024 277.75024 277.75024 277.75024 277.75024 277.75024 277.75024 277.75024 277.75024 277.75024 277.75024 277.75024 277.75024 277.75024 93

346.40286 346.40286 346.40286 346.40286 346.40286 346.40286 346.40286 346.40286 346.40286 346.40286 346.40286 346.40286 346.40286 346.40286 346.40286 93

191.27086 191.27086 182.74487 182.74487 182.74487 180.38591 180.38591 180.38591 180.38591 180.38591 176.4886 176.4886 174.87862 174.87862 174.87862 90

811.7976 811.7976 811.7976 811.7976 811.7976 811.7976 811.7976 811.7976 811.7976 811.7976 811.7976 811.7976 811.7976 811.7976 811.7976 73

187.81657 187.81657 187.81657 187.81657 187.81657 187.81657 187.81657 187.81657 187.81657 187.81657 187.81657 187.81657 187.81657 187.81657 187.81657 73

248.69421 245.50871 245.50871 243.25 243.25 243.25 243.25 243.25 243.25 242.54292 242.54292 242.54292 242.54292 241.375 241.375 79

207.6836 186.78255 180.88074 180.88074 180.88074 180.8148 171.96893 171.96893 171.96893 171.96893 171.96893 168.99965 165.56857 161.33943 160.8918 84

154.8725 130.63011 130.63011 130.63011 124.84142 121.11288 121.11288 121.11288 121.11288 121.11288 121.11288 120.121635 119.96802 119.450836 119.450836 84

165.22902 165.22902 165.22902 161.3595 161.3595 160.59554 157.52397 157.52397 157.52397 157.52397 157.52397 157.45369 157.17719 155.7825 155.71005 86

191.18648 191.18648 191.18648 191.18648 191.18648 191.18648 191.18648 191.18648 191.18648 188.22882 186.72884 186.61967 186.61967 186.1521 186.1521 87

104.98786 104.98786 101.41691 101.41691 101.41691 101.41691 99.66239 99.66239 99.66239 98.31779 98.31779 98.31779 98.31779 98.31779 98.31779 78

153.292 153.292 153.292 153.292 153.292 153.292 153.292 153.292 153.292 153.292 153.292 153.292 153.292 153.292 153.292 81

204.40686 171.44194 171.44194 171.44194 171.44194 171.44194 171.44194 171.44194 171.44194 171.44194 171.44194 171.44194 171.44194 171.44194 170.97218 84

168.72461 168.72461 166.67195 160.6041 158.58589 156.46187 152.41573 152.41573 152.41573 152.41573 150.78593 150.3466 150.3466 150.3466 150.3466 103

295.32486 295.32486 295.32486 295.32486 295.32486 295.32486 295.32486 295.32486 295.32486 295.32486 295.32486 295.32486 295.32486 295.32486 295.32486 89

109.09017 109.09017 109.09017 109.09017 109.09017 109.09017 109.09017 109.09017 109.09017 109.09017 109.09017 109.09017 109.09017 109.09017 109.09017 79

262.43033 262.43033 262.43033 262.43033 262.43033 262.43033 262.43033 262.43033 262.43033 262.43033 262.43033 262.43033 262.43033 262.43033 262.43033 90

278.31137 278.31137 276.5912 275.54013 270.81613 267.23608 266.5858 265.51382 265.51382 263.5034 262.03323 260.9083 260.9083 260.61282 260.61282 84

205.72089 205.72089 203.58934 186.56078 180.46558 177.88515 173.85518 173.85518 173.85518 173.85518 173.85518 173.85518 173.85518 173.49312 172.94104 87

332.77902 330.28494 330.28494 329.80832 329.80832 325.9191 315.2936 315.2936 312.9841 312.9841 310.55542 310.55542 310.55542 310.55542 310.55542 88

303.51215 284.35974 281.53064 281.53064 281.53064 281.53064 281.53064 281.53064 281.5231 280.84012 274.9602 274.9602 274.9602 274.9602 274.9602 110

234.0699 234.0699 234.0699 223.90181 218.01817 218.01817 218.01817 218.01817 218.01817 217.70488 217.70488 217.03723 216.53548 216.53548 216.53548 88

261.68607 261.68607 261.68607 261.68607 261.68607 261.68607 261.68607 261.68607 261.68607 261.68607 261.68607 261.68607 261.68607 261.68607 261.68607 96

316.84692 304.4456 304.4456 304.4456 304.4456 301.1295 294.3763 291.41537 288.87524 288.71753 287.28366 287.2584 286.6555 286.6555 286.6372 90

321.9338 321.9338 321.07275 321.07275 321.07275 321.07275 320.69846 320.69846 320.69846 320.24756 316.81985 316.81985 316.81985 316.81985 316.81985 136

358.4098 346.3945 344.01456 343.60306 343.60306 343.60306 342.33362 338.97336 338.97336 338.97336 338.97336 338.52856 338.52856 337.0259 337.0259 132

113.85047 113.85047 110.04714 110.04714 110.04714 102.40368 102.40368 102.40368 102.40368 102.40368 102.40368 102.40368 102.40368 101.23008 100.5425 117

136.0033 136.0033 136.0033 136.0033 118.83662 118.83662 117.38322 115.50043 115.50043 115.50043 115.50043 115.50043 115.50043 115.50043 115.50043 74

286.4461 286.4461 266.6304 265.5779 265.5779 265.5779 265.5779 265.16605 265.16605 265.16605 265.16605 265.16605 262.8246 262.5549 262.5549 139

263.2942 263.2942 263.2942 263.2942 263.2942 263.2942 263.2942 263.2942 263.2942 263.2942 263.2942 263.2942 263.2942 263.2942 263.2942 134

386.91357 386.91357 386.91357 386.91357 386.91357 386.91357 386.91357 386.91357 386.91357 386.91357 386.91357 386.91357 386.91357 386.91357 386.91357 91

228.9551 221.04175 208.35924 199.45972 199.45972 199.45972 199.45972 197.51726 197.51726 197.51726 197.51726 197.51726 195.66821 193.64471 192.69139 83

264.3178 264.3178 264.3178 241.1626 241.1626 237.00513 228.01208 224.22289 224.14117 223.71336 223.34615 222.76805 222.51033 222.51033 222.51033 94

110.033226 110.033226 110.033226 110.033226 110.033226 110.033226 110.033226 104.64551 101.30659 100.79539 100.79539 100.79539 100.79539 100.79539 100.69369 115

279.0402 279.0402 279.0402 279.0402 279.0402 279.0402 279.0402 279.0402 279.0402 279.0402 279.0402 279.0402 279.0402 279.0402 279.0402 89

218.55495 216.78754 216.78754 214.65926 214.65926 214.42615 210.55476 210.55476 210.55476 210.55476 207.0268 206.64076 206.64076 200.13356 199.20825 80

261.7376 261.7376 261.7376 261.7376 261.7376 240.83783 240.83783 240.83783 240.83783 237.33379 237.33379 237.33379 237.33379 234.5592 234.5592 85

580.68024 574.4477 572.6923 572.6923 572.6923 572.6923 572.6923 572.6923 572.6923 572.18494 572.18494 571.2037 571.2037 570.4907 570.4907 134

367.70407 367.70407 367.70407 367.70407 367.70407 367.70407 367.70407 367.70407 367.70407 367.70407 367.70407 367.70407 367.70407 367.70407 367.70407 85

168.24536 168.24536 168.24536 168.24536 168.24536 168.24536 168.24536 168.24536 168.24536 167.34102 167.34102 163.81537 163.81537 163.81537 163.81537 78

196.13965 186.08476 186.08476 182.9243 180.56274 178.33606 178.33606 178.23036 178.23036 177.37044 177.37044 170.8062 170.8062 170.8062 170.8062 127

110.812065 95.19247 95.19247 95.19247 94.25217 91.2482 91.2482 91.2482 91.2482 91.2482 89.83538 89.518196 88.476204 88.476204 88.476204 94

280.09363 279.94104 269.759 264.0336 262.84753 262.21054 261.15628 261.15628 261.15628 261.15628 261.15628 261.15628 260.52353 259.39343 259.08652 134

157.93654 143.74358 143.74358 143.74358 143.74358 123.03351 123.03351 123.02002 123.02002 123.02002 123.02002 119.11182 115.427734 115.427734 115.427734 78

294.2499 294.2499 294.2499 294.2499 273.3828 265.22446 260.9059 258.2324 256.83887 256.53015 256.5156 256.1713 256.1713 256.1713 256.1713 97

212.94476 212.94476 212.94476 212.94476 212.94476 212.94476 212.94476 212.94476 212.94476 212.94476 212.94476 212.94476 212.94476 212.94476 212.94476 104

302.14453 302.14453 300.59933 300.59933 297.99478 295.8173 295.8173 295.8173 295.8173 295.8173 295.8173 295.32254 295.32254 295.32254 295.32254 83

232.46257 227.00987 224.01 221.12537 216.29639 214.38829 214.38829 214.38829 214.38829 213.66528 213.66528 213.15794 213.15794 213.15794 213.15794 95

195.41331 185.69519 185.69519 183.85834 183.85834 183.85834 183.85834 183.85834 183.17397 183.17397 183.17397 183.17397 182.83856 182.83856 182.09521 115

236.03967 236.03967 236.03967 236.03967 236.03967 236.03967 236.03967 236.03967 236.03967 236.03967 236.03967 236.03967 236.03967 236.03967 236.03967 87

195.1571 195.1571 195.1571 195.1571 187.131 187.131 185.5047 185.5047 183.76624 183.76624 183.76624 183.76624 169.61484 169.61484 169.61484 84

312.34488 312.34488 312.34488 312.34488 312.34488 312.34488 312.34488 312.34488 312.34488 312.34488 308.2036 294.34128 294.34128 294.34128 294.34128 89

140.97066 140.97066 140.97066 140.97066 140.97066 140.97066 140.97066 140.97066 140.97066 140.97066 140.97066 140.97066 140.97066 140.97066 140.97066 78

184.11578 182.8231 181.13261 179.1198 178.56665 178.38385 178.27522 177.9884 177.00073 177.00073 177.00073 177.00073 176.65826 175.74821 175.10405 138

179.92189 179.92189 179.92189 179.92189 179.92189 179.92189 179.92189 179.92189 179.92189 179.92189 179.92189 179.92189 179.92189 179.92189 179.92189 84

319.90695 319.90695 304.11093 304.11093 299.70383 299.70383 299.70383 299.70383 299.70383 299.70383 299.70383 299.70383 299.70383 299.70383 299.70383 138

307.08823 307.08823 307.08823 307.08823 307.08823 307.08823 307.08823 307.08823 307.08823 307.08823 307.08823 307.08823 307.08823 307.08823 307.08823 87

311.91483 304.79654 301.535 301.535 298.12366 298.12366 296.7905 296.7905 296.7905 296.7905 296.7905 296.2988 296.2988 296.2988 296.2988 89

230.73186 230.73186 230.73186 230.73186 230.73186 230.73186 230.73186 230.73186 230.73186 230.73186 230.73186 230.73186 230.73186 230.73186 229.69019 88

203.92975 203.92975 203.92975 203.92975 203.92975 203.92975 203.92975 203.92975 191.1241 191.1241 191.1241 191.1241 191.1241 191.1241 190.18481 113

160.46175 160.46175 160.46175 152.7104 148.0494 148.0494 148.0494 148.0494 148.0494 148.0494 148.0494 148.0494 148.0494 148.0494 148.0494 78

157.73451 157.73451 157.73451 157.73451 157.73451 157.73451 157.73451 157.73451 157.73451 157.73451 157.73451 157.73451 157.73451 157.73451 157.73451 132

247.39032 243.7024 243.7024 243.7024 237.40875 233.92487 226.67412 225.87512 225.87512 224.99565 224.99565 224.98445 224.98445 224.98445 224.39563 137

158.32317 158.32317 158.32317 158.32317 148.27757 146.35515 146.35515 145.34666 142.94377 142.5968 142.5968 142.5968 142.5968 142.5968 142.5968 80

291.1046 291.1046 291.1046 291.1046 291.1046 291.1046 291.1046 291.1046 291.1046 291.1046 291.1046 291.1046 291.1046 291.1046 291.1046 112

269.57776 269.57776 269.57776 269.57776 269.57776 269.57776 269.57776 269.57776 269.57776 269.57776 269.57776 269.57776 269.57776 265.21594 264.4723 109

287.6171 287.6171 287.6171 287.6171 276.66812 276.66812 276.66812 264.6052 264.6052 262.55264 257.75662 257.75662 257.75662 257.75662 254.88646 94

301.95874 301.95874 301.95874 301.95874 301.95874 301.95874 301.95874 301.95874 301.95874 301.95874 301.95874 301.95874 301.95874 301.95874 279.95108 88

181.09169 181.09169 181.09169 181.09169 181.09169 181.09169 181.09169 181.09169 181.09169 181.09169 181.09169 181.09169 181.09169 181.09169 181.09169 83

293.08664 293.08664 290.09445 290.09445 288.06802 287.53336 287.53336 286.60416 283.55133 283.55133 281.2672 281.2672 281.2672 281.2672 279.51468 86

104.51249 104.51249 99.21082 99.21082 98.22235 98.22235 98.22235 87.711754 87.711754 87.711754 87.711754 81.47024 81.47024 81.47024 81.47024 73

136.44183 136.44183 136.44183 136.44183 136.44183 136.44183 136.44183 114.25922 114.25922 114.25922 114.25922 114.25922 111.02395 103.66654 100.96592 82

189.73567 187.56905 187.56905 181.06798 171.60571 164.39748 161.24416 160.11888 160.11888 159.2379 159.2379 159.2379 158.622 157.74219 156.11238 85

211.42812 211.42812 191.55547 184.57033 184.57033 184.57033 182.8586 182.8586 179.85042 169.53374 169.53374 169.53374 169.53374 163.94223 163.94223 89

266.80286 266.80286 264.70264 262.67923 254.23907 251.58965 251.24821 251.24821 250.52827 250.52827 250.52827 250.52827 250.52827 250.52827 249.93901 115

147.88557 147.88557 147.88557 147.88557 147.88557 147.88557 147.88557 147.88557 147.88557 147.88557 147.88557 147.88557 147.88557 147.88557 142.07835 133

103.91079 103.91079 103.91079 103.91079 103.91079 103.91079 103.91079 103.91079 103.51957 102.36877 102.36877 102.36877 102.36877 102.36877 99.88239 113

317.94177 317.94177 317.94177 317.94177 317.94177 317.94177 317.94177 317.94177 317.94177 317.94177 317.94177 317.94177 317.94177 317.94177 317.94177 88

96.16169 96.16169 96.16169 96.16169 96.16169 96.16169 96.16169 96.16169 96.16169 96.16169 96.16169 96.16169 96.16169 96.16169 96.16169 74

187.32228 187.32228 187.32228 187.32228 187.32228 187.32228 187.32228 187.32228 187.32228 187.32228 187.32228 187.32228 187.32228 187.32228 187.32228 91

279.82083 279.82083 279.82083 278.86087 278.86087 278.40268 278.40268 278.40268 278.40268 278.40268 278.40268 278.40268 278.40268 276.7886 276.7886 88

266.45715 257.8755 257.8755 257.8755 257.8755 255.18214 254.30975 247.99687 247.15788 245.91718 244.17531 242.90074 242.52168 242.52168 242.52168 126

174.53688 174.53688 174.53688 174.53688 174.53688 174.53688 171.51909 171.51909 171.51909 171.51909 171.51909 171.51909 171.51909 170.64284 169.47449 81

277.38058 272.71573 272.71573 271.9967 258.95093 258.95093 258.95093 258.95093 258.95093 254.05516 254.05516 254.05516 254.05516 254.05516 254.05516 88

190.80025 190.80025 190.80025 190.80025 190.80025 190.80025 190.80025 190.80025 190.80025 190.80025 190.80025 190.80025 190.80025 190.80025 190.80025 96

261.45996 261.45996 261.45996 261.45996 261.45996 260.47238 250.50237 250.50237 247.27094 246.8166 246.8166 246.63103 245.78648 245.78648 245.7146 86

138.6524 137.50023 137.50023 137.50023 137.50023 137.50023 137.50023 137.50023 137.50023 137.50023 137.50023 136.42647 136.42647 136.42647 136.42647 79

269.02408 264.53372 264.53372 264.53372 264.53372 264.53372 264.53372 264.53372 264.53372 264.53372 264.53372 264.53372 264.53372 264.53372 264.53372 90

124.387856 124.387856 116.61373 113.8856 113.8856 113.14386 112.276855 111.04761 111.04761 111.04761 111.04761 111.04761 110.894135 107.87528 107.85793 81

