1 2 3 4 5 6 7 8 9 10 11 12 13 14 15 Tiempo

0.31057042 0.30939 0.2947421 0.2947421 0.29460925 0.29460925 0.29460925 0.29460925 0.29460925 0.29460925 0.29460925 0.29460925 0.29460925 0.29460925 0.29460925 100

0.16697264 0.1619494 0.16175526 0.16011244 0.15657848 0.15585327 0.15511155 0.15444058 0.15444058 0.15444058 0.15441436 0.15339875 0.15339875 0.15339875 0.15295506 86

0.18850845 0.18850845 0.18850845 0.18850845 0.18850845 0.18850845 0.18850845 0.18850845 0.18850845 0.18850845 0.18850845 0.18850845 0.18850845 0.18850845 0.18850845 81

0.22851568 0.22851568 0.22751737 0.20905846 0.20705724 0.20705724 0.20705724 0.20378941 0.20378941 0.20378941 0.20378941 0.20310879 0.20310879 0.20310879 0.20310879 140

0.18176007 0.18176007 0.18176007 0.17852855 0.17852855 0.17852855 0.17834735 0.17518187 0.17518187 0.17323399 0.16844672 0.16844672 0.16844672 0.16844672 0.16844672 96

0.1236344 0.12251407 0.12251407 0.12251091 0.12251091 0.12073487 0.12073487 0.11989546 0.11989546 0.11989546 0.11989546 0.11989546 0.11989546 0.11989546 0.11989546 92

0.17197138 0.17197138 0.17197138 0.17197138 0.17197138 0.17113489 0.17113489 0.17059422 0.17059422 0.16757965 0.16757965 0.16757965 0.16757965 0.16757965 0.16757965 98

0.17022425 0.17022425 0.17022425 0.15983158 0.15983158 0.15983158 0.15983158 0.15983158 0.15912294 0.15912294 0.1578803 0.1578803 0.1578803 0.1578803 0.1578803 90

0.41794747 0.41794747 0.41794747 0.41794747 0.41794747 0.41794747 0.41794747 0.41794747 0.41794747 0.41794747 0.41794747 0.41794747 0.41794747 0.41794747 0.41794747 99

0.1721279 0.1721279 0.1721279 0.1721279 0.16993928 0.16993928 0.16822004 0.16822004 0.16822004 0.16822004 0.16822004 0.16822004 0.16822004 0.16783333 0.16783333 94

0.26274824 0.2574256 0.25025755 0.24787492 0.24542981 0.23287344 0.23287344 0.22935396 0.22935396 0.22935396 0.22935396 0.22750455 0.22750455 0.22750455 0.22750455 117

0.35001677 0.35001677 0.35001677 0.35001677 0.35001677 0.35001677 0.35001677 0.35001677 0.35001677 0.3440817 0.3440817 0.3440817 0.3440817 0.3440817 0.3440817 101

0.31752783 0.31636816 0.31636816 0.31636816 0.31636816 0.31636816 0.31636816 0.31582713 0.31582713 0.31582713 0.31564522 0.31511354 0.31511354 0.31511354 0.31493944 101

0.25747633 0.25747633 0.25747633 0.25747633 0.25747633 0.25747633 0.25454897 0.23527831 0.23527831 0.23527831 0.23527831 0.23527831 0.23419887 0.23419887 0.23419887 152

0.29498833 0.29272562 0.29067588 0.29067588 0.29067588 0.29067588 0.2899353 0.2899353 0.28955895 0.28955895 0.28883797 0.28883797 0.28883797 0.28883797 0.28883797 136

0.07606715 0.07469052 0.07469052 0.07469052 0.07469052 0.07374102 0.067928255 0.067928255 0.067928255 0.067928255 0.06692487 0.06692487 0.06692487 0.06692487 0.06659526 111

0.21579164 0.21579164 0.21579164 0.21579164 0.21579164 0.21579164 0.21579164 0.21579164 0.21579164 0.21579164 0.21579164 0.21579164 0.21579164 0.21579164 0.21579164 125

0.25693256 0.24923468 0.24145913 0.2410366 0.2410366 0.24078923 0.24078923 0.22580957 0.2254433 0.22250217 0.21771652 0.21742374 0.21740979 0.21740979 0.21740979 93

0.2060113 0.20513457 0.2030155 0.2026515 0.2026515 0.19358891 0.19358891 0.19358891 0.19358891 0.19358891 0.19358891 0.19358891 0.19358891 0.19358891 0.19358891 145

0.20802307 0.20802307 0.20802307 0.20747662 0.20747662 0.20387608 0.20387608 0.2027039 0.2027039 0.2027039 0.2027039 0.20069766 0.20069766 0.20069766 0.20069766 147

0.28946954 0.2881813 0.2836811 0.28041768 0.28022915 0.27897078 0.27897078 0.27897078 0.27872628 0.27850455 0.27850455 0.2749465 0.26956946 0.2681558 0.2681558 99

0.21729255 0.21729255 0.21729255 0.21729255 0.21729255 0.21729255 0.21729255 0.21729255 0.21729255 0.21729255 0.21729255 0.21729255 0.21729255 0.21729255 0.21729255 87

0.22578663 0.22578663 0.22578663 0.22578663 0.22578663 0.22578663 0.22578663 0.22578663 0.22578663 0.22578663 0.22578663 0.22578663 0.22578663 0.22578663 0.22578663 90

0.1488083 0.1488083 0.1472187 0.1472187 0.14509898 0.14365834 0.14365834 0.14259464 0.14259464 0.14164895 0.14164895 0.14164895 0.14164895 0.1413328 0.1413328 90

0.15253925 0.15253925 0.15253925 0.15253925 0.14908916 0.14599603 0.14525646 0.14301533 0.14232677 0.14105654 0.14105654 0.14069253 0.14069253 0.14069253 0.14069253 99

0.36963302 0.36963302 0.36963302 0.36963302 0.36963302 0.36963302 0.36963302 0.36963302 0.36963302 0.36963302 0.36963302 0.36963302 0.36963302 0.36963302 0.36963302 97

0.1395927 0.1395927 0.1385867 0.13852316 0.13852316 0.13852316 0.13835526 0.13835526 0.13835526 0.13835526 0.13835526 0.13835526 0.13826579 0.13826579 0.13825065 91

0.28872675 0.28872675 0.28872675 0.28872675 0.28872675 0.28872675 0.28872675 0.28872675 0.28872675 0.28872675 0.28872675 0.28872675 0.28872675 0.28872675 0.28872675 103

0.24697572 0.24697572 0.24697572 0.24697572 0.24697572 0.24697572 0.24697572 0.24697572 0.24697572 0.24697572 0.24697572 0.24697572 0.24438602 0.23715383 0.23715383 135

0.17337543 0.17337543 0.16897225 0.16897225 0.16897225 0.16897225 0.16721344 0.16636914 0.16636914 0.16636914 0.16615772 0.16615772 0.16615772 0.16615772 0.16615772 122

0.3530457 0.3530457 0.3530457 0.3530457 0.3530457 0.3530457 0.3530457 0.3530457 0.3530457 0.3530457 0.3530457 0.3530457 0.3530457 0.3530457 0.3530457 95

0.21425074 0.21425074 0.21425074 0.21425074 0.21425074 0.21425074 0.21425074 0.21425074 0.21425074 0.21425074 0.21425074 0.21425074 0.21425074 0.21425074 0.21425074 99

0.17659688 0.1765967 0.1765967 0.1765967 0.1765967 0.1765967 0.1765967 0.16894108 0.16894108 0.16894108 0.16643667 0.16643667 0.16643667 0.16643667 0.16458732 155

0.44606018 0.44606018 0.44606018 0.44606018 0.44606018 0.44606018 0.44606018 0.44606018 0.44484562 0.44484562 0.44484562 0.44484562 0.44045883 0.43653065 0.43653065 103

0.26871616 0.26871616 0.26871353 0.26871353 0.26871353 0.26434106 0.26434106 0.26434106 0.26434106 0.26434106 0.26434106 0.26434106 0.2479918 0.24471807 0.24471807 104

0.3236248 0.3236248 0.32067728 0.3174166 0.3158164 0.31455153 0.31455153 0.31387258 0.31386226 0.31386226 0.31306076 0.3122738 0.3122738 0.31161374 0.31096286 149

0.3090356 0.30538684 0.30538684 0.30385906 0.30385906 0.30385906 0.30329418 0.30329418 0.30329418 0.30329418 0.3008511 0.2959854 0.29521877 0.29521877 0.29521877 95

0.07495648 0.07495648 0.07495648 0.07227039 0.07227039 0.07227039 0.070619285 0.070619285 0.06942552 0.06942552 0.06942552 0.06942552 0.0690186 0.06893891 0.0680123 87

0.23304605 0.23304605 0.23304605 0.23304605 0.22994512 0.22994512 0.22334647 0.22334647 0.22334647 0.22334647 0.22334647 0.22334647 0.22334647 0.22334647 0.22334647 80

0.30854034 0.30854034 0.30854034 0.30854034 0.30854034 0.30854034 0.30854034 0.30599445 0.30562657 0.30562657 0.30562657 0.3053009 0.3053009 0.3053009 0.3053009 103

0.3303706 0.3303706 0.3303706 0.3303706 0.3303706 0.3303706 0.3303706 0.3303706 0.3303706 0.33005428 0.3298636 0.3298636 0.3298636 0.3298636 0.3263504 100

0.3751071 0.37431055 0.37431055 0.37416673 0.37416673 0.37352258 0.37352258 0.3734662 0.3734662 0.37149674 0.37149674 0.37103182 0.37103182 0.37089562 0.37089562 157

0.16297704 0.16297704 0.16297704 0.16297704 0.16297704 0.16297704 0.16297704 0.16297704 0.16180831 0.16085625 0.16085625 0.16037178 0.159796 0.15866059 0.1569944 93

0.2814589 0.2795673 0.2795673 0.2795673 0.27487534 0.27487534 0.27487534 0.27487534 0.27426833 0.27279377 0.27279377 0.27279377 0.27279377 0.27137882 0.27137882 157

0.16344953 0.16344953 0.16344953 0.16344953 0.16344953 0.1558764 0.14603043 0.14603043 0.14488155 0.14488155 0.14152461 0.14152461 0.14028454 0.14028454 0.14028454 88

0.27435988 0.27435988 0.27435988 0.27435988 0.27435988 0.27435988 0.27424353 0.27424353 0.27424353 0.26865292 0.26865292 0.26865292 0.26865292 0.26865292 0.26658553 98

0.20482618 0.20482618 0.20482618 0.20482618 0.20482618 0.20482618 0.20482618 0.20452183 0.20452183 0.20452183 0.20452183 0.20452183 0.20452183 0.19926864 0.19926864 92

0.28365844 0.28365844 0.28365844 0.28365844 0.28365844 0.28365844 0.28365844 0.28365844 0.28365844 0.28365844 0.28365844 0.28365844 0.28365844 0.28365844 0.28365844 94

0.35144955 0.351447 0.34821582 0.34498608 0.34498608 0.34498608 0.34498608 0.34492558 0.34492558 0.34449977 0.34449977 0.34449977 0.34449977 0.3433175 0.34216535 115

0.27571464 0.27571464 0.27571464 0.27571464 0.27571464 0.27571464 0.27571464 0.27571464 0.27571464 0.27571464 0.27571464 0.27571464 0.27571464 0.27571464 0.27571464 98

0.22333902 0.22333902 0.22333902 0.22227901 0.22227901 0.22227901 0.22066969 0.21913695 0.21913695 0.21913695 0.21899009 0.21235514 0.21235514 0.21231335 0.21176475 133

0.14493561 0.14493561 0.14493561 0.14493561 0.14493561 0.14493561 0.14493561 0.14493561 0.14493561 0.14493561 0.14493561 0.14493561 0.14493561 0.14493561 0.14493561 93

0.1374194 0.1374194 0.13001472 0.13001472 0.13001472 0.13001472 0.13001472 0.13001472 0.12875074 0.12415248 0.12415248 0.12415248 0.12415248 0.12415248 0.12415248 89

0.2488187 0.2464692 0.2464692 0.2464692 0.24637228 0.24637228 0.24637228 0.24624515 0.2460106 0.2449897 0.2449897 0.24365187 0.24272776 0.24053901 0.24053901 99

0.1325838 0.1325838 0.1325838 0.1325838 0.1325838 0.12921494 0.12921494 0.12921494 0.12921494 0.12921494 0.12921494 0.12673688 0.12673688 0.12673688 0.12673688 85

0.11484051 0.11484051 0.11484051 0.11484051 0.11484051 0.11484051 0.11484051 0.11484051 0.11484051 0.11484051 0.10983795 0.10983795 0.10972959 0.10560948 0.10560948 151

0.17157865 0.17157865 0.17157865 0.17114359 0.1702652 0.1702652 0.1702652 0.1690526 0.16731113 0.16731113 0.16731113 0.16731113 0.16731113 0.16731113 0.16698843 124

0.220325 0.220325 0.220325 0.220325 0.2201156 0.21864492 0.21864492 0.21864492 0.21864492 0.21864492 0.21864492 0.21864492 0.21857172 0.21857172 0.21813315 94

0.27924877 0.27924877 0.27924877 0.27924877 0.27924877 0.27924877 0.27924877 0.27924877 0.2741027 0.2741027 0.2741027 0.2741027 0.26755315 0.2657072 0.2657072 104

0.24314612 0.24314612 0.24314612 0.24314612 0.24314612 0.23649484 0.2258994 0.2258994 0.2258994 0.2258994 0.2258994 0.2258994 0.2258994 0.2258994 0.2258994 84

0.25593823 0.24992871 0.24777532 0.24770135 0.24770135 0.24770135 0.24770135 0.24770135 0.24770135 0.24770135 0.24642903 0.24642903 0.2450574 0.2450574 0.2450574 99

0.1386528 0.1386528 0.1386528 0.1386528 0.1386528 0.1386528 0.1386528 0.1386528 0.1386528 0.1386528 0.1386528 0.1386528 0.1386528 0.1386528 0.1386528 92

0.27493173 0.27493173 0.27493173 0.27493173 0.27493173 0.27493173 0.27493173 0.27493173 0.27493173 0.27493173 0.27493173 0.27493173 0.27493173 0.27493173 0.27493173 102

0.10738474 0.10738474 0.10738474 0.10738474 0.10738474 0.10738474 0.10738474 0.10738474 0.1072523 0.1072523 0.106965244 0.106965244 0.106965244 0.106965244 0.106965244 86

0.17589831 0.17263693 0.16907483 0.16751212 0.16751212 0.16706878 0.16706878 0.16706878 0.16205329 0.16021585 0.15977615 0.15977615 0.15977615 0.15977615 0.15615386 104

0.26876307 0.26876307 0.26876307 0.26876307 0.26876307 0.26876307 0.26876307 0.26876307 0.26876307 0.26876307 0.26876307 0.26876307 0.26876307 0.26876307 0.26876307 107

0.33914262 0.33557367 0.33263797 0.33041793 0.32994527 0.3263495 0.3263495 0.3263495 0.32548738 0.32308245 0.32308245 0.3223259 0.3223259 0.3223259 0.32166052 103

0.3176229 0.3176229 0.3176229 0.3176229 0.3176229 0.3176229 0.3176229 0.3176229 0.3176229 0.3176229 0.31556338 0.31556338 0.31556338 0.31556338 0.3128354 153

0.24717492 0.24445009 0.23970538 0.23654789 0.23532563 0.23522884 0.23510402 0.23271894 0.2324583 0.2324583 0.23016328 0.22980833 0.22980833 0.22980833 0.22970182 150

0.27999854 0.27999854 0.27999854 0.27999854 0.27999854 0.26305848 0.26305848 0.25758773 0.25758773 0.25680304 0.25680304 0.25680304 0.25680304 0.25680304 0.25680304 100

0.14832193 0.14832193 0.14596415 0.14596415 0.14552611 0.14213657 0.14213657 0.1383276 0.1383276 0.1383276 0.1383276 0.1381579 0.1381579 0.1381579 0.1381579 93

0.09926295 0.09926295 0.09857553 0.096349 0.096349 0.096349 0.09546059 0.09546059 0.09546059 0.09546059 0.09546059 0.09546059 0.09546059 0.09545642 0.09449673 106

0.22657967 0.22657967 0.22657967 0.22657967 0.22657967 0.22657967 0.22657967 0.22657967 0.22657967 0.22657967 0.22657967 0.22657967 0.22657967 0.22657967 0.22609878 150

0.27513313 0.26758122 0.26758122 0.26758122 0.26758122 0.26758122 0.26758122 0.26654267 0.26628405 0.26461846 0.26461846 0.26346618 0.26346618 0.26327515 0.26327515 98

0.16581327 0.15823513 0.15823513 0.15823513 0.15823513 0.15823513 0.157893 0.15600133 0.15600133 0.154185 0.154185 0.154185 0.154185 0.1529805 0.1529805 93

0.3901165 0.3901165 0.3888139 0.38527262 0.38527262 0.37301236 0.37301236 0.37301236 0.37301236 0.3698241 0.36049247 0.36043596 0.36043596 0.35957092 0.3569901 105

0.25045556 0.24965745 0.24965745 0.24870116 0.24770808 0.24770808 0.24770808 0.24057144 0.2236523 0.2236523 0.22241598 0.22241598 0.22241598 0.2203067 0.2203067 102

0.28366297 0.2820366 0.27999902 0.27988952 0.2797191 0.2791586 0.2791586 0.2791586 0.27863818 0.27860266 0.27850276 0.27812916 0.27812916 0.27812916 0.27757406 97

0.28481722 0.28481722 0.28481722 0.28481722 0.28481722 0.27827835 0.27575368 0.27575368 0.27438474 0.27323794 0.27042836 0.27042836 0.27042836 0.27042836 0.27042836 102

0.36460108 0.32684737 0.32684737 0.32144022 0.32144022 0.32144022 0.32144022 0.32144022 0.32084966 0.32084966 0.32084966 0.32084966 0.32084966 0.32084966 0.32084966 92

0.2492122 0.24700993 0.24700993 0.24700993 0.24700993 0.24700993 0.24700993 0.24700993 0.24700993 0.24700993 0.24700993 0.24700993 0.24664688 0.24664688 0.24664688 147

0.026515305 0.024451554 0.023546278 0.023546278 0.02330041 0.02330041 0.02330017 0.02330017 0.023273647 0.023273647 0.023273647 0.023273647 0.022567987 0.022567987 0.022567987 82

0.1845972 0.1845972 0.1845972 0.1845972 0.18366504 0.18366504 0.15611249 0.15611249 0.15611249 0.15230417 0.15230417 0.15032607 0.15032607 0.15032607 0.14786643 91

0.2179541 0.20855135 0.20855135 0.2081024 0.2081024 0.2081024 0.2081024 0.2081024 0.2035675 0.2035675 0.2035675 0.2035675 0.20232433 0.19975519 0.19975519 147

0.27463228 0.27463228 0.27463228 0.23484784 0.23375195 0.23354453 0.23292857 0.23217773 0.23217773 0.23217773 0.23217773 0.23138148 0.23138148 0.23138148 0.23138148 154

0.24536943 0.24518222 0.24518222 0.24518222 0.24518222 0.24354267 0.24326211 0.24281996 0.23834276 0.2343865 0.23254615 0.23254615 0.23254615 0.23254615 0.23195559 100

0.2086479 0.2086479 0.2086479 0.2086479 0.2086479 0.2086479 0.20598847 0.20235682 0.19748229 0.19701982 0.19701982 0.19698215 0.19698215 0.19641548 0.19442159 97

0.055621147 0.055621147 0.055621147 0.055621147 0.055621147 0.055621147 0.055621147 0.055621147 0.055621147 0.055621147 0.055621147 0.055621147 0.055621147 0.055621147 0.055621147 96

0.30234098 0.30234098 0.30234098 0.30234098 0.30234098 0.30234098 0.30234098 0.30234098 0.30234098 0.30234098 0.30234098 0.30234098 0.30234098 0.30234098 0.30234098 100

0.09834033 0.09834033 0.09834033 0.09834033 0.09834033 0.09834033 0.09834033 0.09834033 0.09834033 0.09834033 0.09793109 0.09793109 0.09721738 0.09721738 0.09721738 87

0.24065971 0.22220278 0.22179776 0.21829176 0.21829176 0.21819478 0.21819478 0.21819478 0.21819478 0.21819478 0.21819478 0.21819478 0.21731782 0.21731782 0.20555949 97

0.25275224 0.249551 0.249551 0.24911183 0.24520761 0.24520761 0.24384183 0.24384183 0.24384183 0.24384183 0.24384183 0.24356556 0.24356556 0.24356556 0.24356556 153

0.24248672 0.24151772 0.24096078 0.24052733 0.24052733 0.24052733 0.24052733 0.24052733 0.24014169 0.23855764 0.23571825 0.23372883 0.23305845 0.2322998 0.23154587 99

0.19834858 0.19834858 0.19834858 0.19834858 0.19834858 0.19834858 0.19834858 0.19834858 0.19834858 0.19834858 0.19834858 0.19834858 0.19834858 0.19834858 0.19834858 92

0.26080745 0.26080745 0.26080745 0.26080745 0.26080745 0.26080745 0.25755572 0.25755572 0.25755572 0.25755572 0.25755572 0.25755572 0.25625342 0.25625342 0.2552169 96

0.15143085 0.14951396 0.14601916 0.14601916 0.14478946 0.14478946 0.14478946 0.14478946 0.14478946 0.14478946 0.14478946 0.14478946 0.14478946 0.14478946 0.14373797 93

0.24691755 0.24691755 0.24652559 0.24652559 0.24652559 0.24552774 0.24552774 0.24490088 0.2444542 0.24233842 0.24233842 0.24233842 0.24233842 0.24026889 0.23370004 146

0.17455477 0.17455477 0.17455477 0.17455477 0.17455477 0.17455477 0.17455477 0.17455477 0.16907996 0.16907996 0.1667481 0.1667481 0.1667481 0.1667481 0.1667481 140

0.29140377 0.29140377 0.29140377 0.29140377 0.29140377 0.29140377 0.29140377 0.29140377 0.29140377 0.29140377 0.29140377 0.29140377 0.29140377 0.29140377 0.29140377 102

0.16172409 0.16172409 0.15949303 0.15546304 0.15546304 0.15546304 0.15546304 0.15546304 0.14674062 0.14674062 0.14674062 0.14674062 0.14674062 0.14674062 0.14674062 136

