1 2 3 4 5 6 7 8 9 10 11 12 13 14 15 Tiempo

188.85622 188.85622 188.85622 188.85622 188.85622 188.85622 188.85622 188.85622 188.85622 188.85622 188.85622 188.85622 188.85622 188.85622 188.85622 88

114.67312 114.67312 107.33892 106.70861 104.869774 102.67387 102.67387 100.64199 100.64199 100.64199 100.64199 100.64199 100.37293 100.37293 100.37293 75

71.947174 71.947174 71.947174 71.947174 71.947174 71.947174 71.947174 71.947174 71.947174 71.947174 71.947174 71.947174 71.947174 71.947174 71.947174 113

102.83585 102.83585 102.83585 77.03069 76.04431 76.04431 75.960945 75.89084 74.575966 74.5389 74.5389 73.85801 72.819824 72.819824 72.7218 79

116.54116 116.54116 115.6788 114.994835 108.40128 107.54999 107.54999 102.833466 97.915504 97.915504 96.65274 96.65274 96.65274 96.53539 96.53539 106

142.29851 142.29851 142.29851 142.29851 142.29851 142.29851 142.29851 142.29851 142.29851 142.29851 142.29851 142.29851 142.29851 142.29851 142.29851 95

131.41704 131.41704 130.03319 117.14547 116.04122 114.98679 114.98679 114.98679 114.98679 114.71777 114.71777 114.46558 114.373634 114.373634 114.18406 87

72.13209 72.13209 72.13209 72.13209 72.13209 70.2309 68.509605 67.73232 67.73232 66.93363 66.93363 66.81901 66.81901 66.81901 66.31626 122

291.7942 291.7942 291.7942 291.7942 291.7942 291.7942 291.7942 291.7942 291.7942 291.7942 291.7942 291.7942 291.7942 291.7942 291.7942 118

126.06647 126.06647 126.06647 126.06647 126.06647 126.06647 126.06647 126.06647 126.06647 126.06647 126.06647 126.06647 126.06647 126.06647 126.06647 130

116.36005 114.90246 111.559906 111.559906 111.559906 108.52359 108.52359 106.0057 103.85619 103.85619 103.825775 103.825775 102.283875 102.283875 102.283875 127

201.71724 201.71724 201.71724 201.71724 197.80072 193.92973 193.92973 193.92973 193.92973 193.92973 193.92973 193.27893 193.27893 193.27893 193.27893 141

234.68925 231.83655 230.15486 228.41211 227.43355 226.64857 226.21208 226.2085 225.57166 225.39966 225.39966 225.25859 225.25859 225.18596 225.18596 95

127.21283 123.49237 123.49237 123.49237 119.073875 116.437325 115.392006 115.392006 115.392006 115.392006 114.31955 112.776634 112.410164 112.21738 112.04779 88

470.41446 470.41446 470.41446 470.41446 470.41446 470.41446 470.41446 470.41446 470.41446 470.41446 470.41446 470.41446 470.41446 470.41446 470.41446 76

124.90458 124.90458 122.88749 106.56205 106.56205 106.56205 106.56205 106.56205 106.56205 106.56205 106.56205 106.56205 106.56205 106.56205 106.56205 76

150.20758 150.20758 150.20758 150.20758 150.20758 150.20758 150.20758 150.20758 150.20758 150.20758 150.20758 150.20758 150.20758 150.20758 150.20758 127

122.95794 122.81315 118.98997 117.697685 117.697685 117.697685 117.697685 110.68929 110.395386 110.395386 109.082756 108.52091 108.52091 108.35791 107.15598 82

89.297966 89.297966 89.297966 89.18359 89.18359 89.18359 86.87893 86.87893 86.87893 86.87893 86.87893 86.87893 86.08616 86.08616 85.28945 92

119.08144 119.08144 119.08144 119.08144 119.08144 119.08144 119.08144 119.08144 119.08144 119.08144 119.08144 119.08144 119.08144 119.08144 119.08144 94

132.32011 132.32011 132.32011 132.32011 132.32011 132.32011 132.32011 132.32011 132.32011 132.32011 132.32011 132.32011 132.32011 132.32011 132.32011 89

68.142235 68.142235 68.142235 52.23018 46.490784 46.262074 45.93631 45.93631 45.93631 45.93631 45.93631 45.93631 45.79956 45.79956 45.79956 104

95.94681 95.94681 95.94681 95.94681 95.94681 95.94681 95.94681 95.94681 95.94681 95.94681 95.94681 95.94681 95.94681 95.94681 95.94681 79

109.76086 109.760796 109.760796 109.760796 109.760796 109.760796 109.760796 109.760796 109.760796 109.760796 109.760796 109.760796 109.760796 109.760796 109.760796 80

105.26319 105.26319 105.26319 99.51728 95.842705 93.46627 91.26016 90.85574 90.85574 90.80161 90.80161 90.80161 90.80161 90.774895 90.774895 83

205.23717 205.23717 205.23717 205.23717 205.23717 205.23717 205.23717 205.23717 205.23717 205.23717 205.23717 205.23717 205.23717 205.23717 205.23717 135

70.66073 70.66073 70.66073 70.66073 70.66073 70.66073 70.66073 70.66073 70.66073 70.66073 70.66073 70.66073 70.66073 70.66073 70.66073 124

175.05717 175.05717 172.71767 172.71767 172.71767 172.71767 172.71767 172.71767 172.71767 171.94548 171.94548 171.94548 170.62251 169.87523 168.02007 93

164.02515 164.02515 164.02515 164.02515 164.02515 164.02515 164.02515 164.02515 164.02515 164.02515 164.02515 164.02515 164.02515 164.02515 164.02515 128

140.0695 138.52904 138.01979 138.01979 138.01979 138.01979 136.93285 134.23003 134.23003 134.02287 131.93788 131.93788 131.93788 129.77036 129.77036 88

208.76001 208.76001 201.47935 198.36568 198.36568 196.38945 196.38945 196.38945 196.38945 196.38945 196.38945 196.38945 196.38945 196.38945 196.38945 88

189.82172 189.82172 187.61464 182.10616 179.91937 179.70813 178.8976 178.8762 177.88783 177.88783 177.23686 176.85115 176.85115 176.85115 176.85115 92

169.9707 169.9707 169.9707 165.42737 162.79169 159.48915 157.77809 157.37897 157.33476 157.33476 157.33476 157.33476 157.33476 157.2228 157.2228 139

189.25568 189.25568 189.25568 189.25568 189.25568 189.25568 189.25568 189.25568 189.25568 189.25568 189.25568 189.25568 189.25568 189.25568 189.25568 144

201.3311 201.3311 197.55489 189.54126 189.54126 188.07863 188.07863 188.07863 187.88521 187.88521 187.66603 187.66603 187.66603 186.86052 186.64244 140

199.2051 199.2051 199.2051 199.2051 199.2051 199.20506 199.20506 199.20506 199.20506 199.20506 199.20506 199.20506 199.20506 199.20506 199.20506 114

242.10689 242.10689 242.10689 242.10689 242.10689 242.10689 242.10689 242.10689 242.10689 242.10689 242.10689 242.10689 242.10689 242.10689 242.10689 131

68.32795 68.32795 68.32795 68.32795 68.32795 68.32795 66.68356 66.68356 66.68356 66.68356 66.68356 66.68356 66.68356 66.68356 66.68356 119

110.91216 110.91216 110.91216 110.91216 110.91216 110.91216 110.91216 110.91216 110.91216 110.91216 110.91216 110.91216 110.91216 110.91216 110.91216 115

183.894 183.894 183.894 183.894 183.894 183.894 183.89394 183.89394 183.89394 183.89394 183.89394 183.89394 183.89394 183.89394 183.89394 91

219.82784 219.82784 193.91933 193.91933 192.02116 192.02116 192.02116 191.72285 191.72285 190.91982 190.91982 190.91982 190.91982 190.91982 190.45905 87

254.9199 249.38197 244.96892 238.81322 238.09846 238.09846 238.09846 238.05876 236.19438 235.69258 234.88153 234.42686 234.23164 234.23164 234.23164 134

129.91023 129.91023 129.91023 129.87794 127.84784 127.84784 126.367615 126.367615 126.367615 126.367615 125.445885 125.445885 125.445885 125.445885 125.22292 84

181.92934 174.83687 170.5749 168.7812 165.49303 164.60854 164.48656 163.84682 163.84682 163.63094 163.48865 163.48865 163.48865 163.48865 163.48865 95

78.97962 78.97962 78.562904 72.95441 72.95441 72.95441 72.95441 70.9747 70.96819 70.96819 70.96819 68.85389 68.85389 68.85389 68.85389 82

170.3733 170.3733 170.3733 170.3733 170.3733 170.3733 170.3733 168.68579 168.68579 167.03058 167.03058 167.03058 167.03058 166.71118 166.71118 92

138.49214 138.49214 138.49214 138.49214 138.49214 138.49214 138.49214 138.49214 138.49214 138.49214 138.49214 138.49214 138.49214 138.49214 138.49214 82

175.64032 175.64032 175.64032 175.64032 175.64032 175.64032 175.64032 175.64032 175.64032 175.64032 175.64032 175.64032 175.64032 175.64032 175.64032 126

328.27283 328.27283 328.27283 328.27283 328.27283 328.27283 328.27283 328.27283 328.27283 328.27283 328.27283 328.27283 328.27283 328.27283 328.27283 121

242.72417 242.72417 242.72417 242.72417 242.72417 242.72417 242.72417 242.72417 242.72417 242.72417 242.72417 242.72417 242.72417 242.72417 242.72417 87

127.48936 124.129456 121.01465 121.01465 121.01465 119.212425 118.89333 117.69541 116.97985 116.70841 116.70841 116.70841 116.70841 116.70841 116.70841 85

127.283905 121.0333 118.666664 118.666664 118.666664 118.666664 118.08437 110.91846 106.91299 106.91299 106.3599 106.3599 106.3599 106.3599 106.3599 85

69.7667 69.7667 69.7667 69.7667 69.7667 69.7667 69.7667 69.7667 69.7667 69.7667 69.7667 69.267784 69.024925 67.67401 64.5307 83

180.59918 180.59918 180.59918 180.59918 180.59918 180.59918 180.59918 180.59918 180.59918 180.59918 180.59918 180.59918 180.59918 180.59918 180.59918 116

108.43154 108.43154 105.91937 96.64432 96.64432 95.45697 95.45697 93.25454 93.25454 93.25454 93.25454 93.25454 90.57661 90.57661 90.2562 78

191.15332 191.15332 191.15332 191.15332 191.15332 191.15332 191.15332 175.29517 167.70244 167.70244 165.14128 165.14128 164.3349 164.3349 164.3349 133

119.96863 119.96863 119.96863 119.96863 119.96863 119.96863 119.96863 119.96863 119.96863 119.96863 119.96863 119.96863 119.96863 119.96863 119.96863 83

187.72089 187.72089 187.72089 187.72089 187.72089 187.72089 187.72089 187.72089 187.72089 187.72089 187.72089 187.72089 187.72089 187.72089 187.72089 115

158.34625 158.34625 158.34625 158.34625 158.34625 158.34625 157.03845 154.9187 151.91418 151.91418 149.5247 149.5247 148.70903 148.70903 148.70903 94

128.9556 122.78378 121.16144 117.48284 117.48284 117.48284 117.48284 117.48284 115.12583 113.618324 111.59768 109.68561 109.51464 109.33016 109.17212 118

151.20512 151.20512 151.20512 151.20512 151.20512 151.20512 151.20512 151.20512 151.20512 151.20512 151.20512 151.20512 151.20512 151.20512 151.20512 85

149.21448 149.21448 149.21448 149.21448 149.21448 149.21448 149.21448 149.21448 149.21448 145.63171 144.21672 143.50665 143.50665 138.46342 136.91292 84

184.25475 184.25475 184.25475 184.25475 183.39445 181.13795 180.44281 180.44281 178.72365 178.72365 177.3907 176.69556 176.69556 176.01215 175.04176 94

113.02151 111.81723 111.81723 101.30625 101.30625 101.30625 101.30625 101.30625 101.30625 101.30625 101.30625 101.30625 101.30625 101.30625 101.30625 101

129.10223 129.10223 129.10223 129.10223 129.10223 129.10223 127.42715 126.154655 125.39926 124.87952 124.29832 123.85703 123.75485 123.33597 123.33597 94

127.912056 127.91198 127.91198 127.91198 127.91198 127.91198 127.91198 127.91198 127.91198 127.91198 127.91198 127.91198 127.91198 127.91198 127.91198 88

197.78429 197.78429 197.78429 197.78429 197.78429 197.78429 195.38692 194.08784 194.08784 193.33424 193.33424 193.33424 193.33424 192.95424 192.95424 96

208.4452 206.59596 206.59596 206.59596 206.59596 203.55853 200.89093 200.89093 200.89093 200.89093 200.89093 200.89093 200.02246 198.83705 198.83705 138

198.81657 198.81657 196.8373 195.39403 194.44835 189.34334 189.34334 189.34334 189.34334 189.34334 189.34334 189.34334 189.34334 189.34334 189.34334 88

155.28474 155.28474 155.25734 151.86186 151.86186 150.18262 144.5279 144.5279 144.5279 144.36707 142.41052 142.41052 142.41052 142.41052 142.41052 130

128.89032 128.89032 128.89032 128.89032 128.89032 128.89032 128.89032 128.89032 128.89032 128.89032 128.89032 128.89032 128.89032 128.89032 128.89032 127

90.231316 87.99935 86.45673 86.45673 86.32488 85.91003 85.91003 83.196526 82.50474 82.50474 82.50474 81.28318 79.187775 78.293976 77.70054 80

109.844215 109.844215 109.844215 109.844215 109.844215 109.844215 109.844215 109.844215 109.844215 109.844215 109.844215 109.844215 109.844215 109.844215 109.844215 87

158.8939 158.8939 158.8939 158.8939 158.8939 158.8939 157.5237 151.33855 149.56538 148.63829 148.43584 148.43584 148.43584 148.43584 148.34248 91

94.69568 89.33485 85.4031 85.20939 85.20939 76.65014 76.65014 76.65014 76.65014 76.65014 76.65014 76.65014 76.65014 76.4721 76.4721 103

228.06416 228.06416 209.60115 209.60115 209.60115 209.60115 209.60115 186.72028 186.72028 186.72028 186.72028 186.72028 186.72028 186.72028 186.46382 111

181.46117 181.46117 181.46117 181.46117 181.46117 181.46117 181.46117 181.46117 181.46117 181.46117 181.46117 181.46117 181.46117 181.46117 181.46117 93

205.1258 195.86945 195.86945 195.49829 194.54396 194.54396 193.97539 193.97539 192.32478 192.32478 191.63707 190.73311 190.73311 190.13416 190.13416 133

183.36249 183.36249 177.08673 171.13863 170.3631 170.3631 170.3631 170.3631 170.3631 170.3631 170.3631 169.37361 169.37361 169.37361 168.69841 93

123.1626 122.81504 121.4676 116.06112 114.26392 114.26392 114.26392 114.26392 114.2575 114.2575 114.2575 114.2575 114.2575 114.2575 114.2575 82

186.19006 184.68823 183.10442 180.90599 180.90599 179.29716 177.65504 177.65504 177.65504 177.055 177.055 177.055 177.055 177.055 176.62074 90

41.355556 39.90223 39.90223 35.0714 29.82504 24.296797 24.296797 22.480011 22.480011 22.480011 20.9881 19.411993 19.411993 19.411993 19.411993 75

97.14893 97.14893 71.14515 71.14515 70.54705 70.54705 70.12723 70.12723 70.12723 70.12723 70.12723 69.62002 69.62002 69.62002 69.62002 84

105.55636 103.628136 100.57217 98.73562 98.73562 98.73562 98.53692 98.53692 97.5714 97.5714 97.03896 97.03896 97.03896 97.03896 97.03896 82

127.16675 127.16675 126.75642 126.75642 122.594765 122.594765 122.54177 115.18399 111.46084 111.46084 111.46084 111.46084 111.46084 111.46084 111.46084 91

173.08595 173.08589 173.08589 166.18987 162.4835 159.41847 158.9347 157.98102 157.82826 157.82826 156.21118 156.21118 156.21118 156.21118 156.01741 136

102.73624 101.00436 97.63343 97.37023 97.37023 97.09434 97.09434 97.09434 97.09434 97.09434 97.09434 97.09434 97.02978 96.86387 96.79032 89

62.469715 57.605087 57.605087 51.037155 51.037155 51.037155 49.768986 49.768986 49.069397 49.069397 49.069397 49.069397 49.069397 49.069397 49.069397 113

214.27196 214.27196 214.27196 214.27196 214.27196 214.27196 214.27196 214.27196 214.27196 214.27196 214.27196 214.27196 214.27196 214.27196 214.27196 112

72.73093 72.73093 72.73093 72.73093 72.73093 72.17985 68.57006 68.57006 63.161884 63.161884 63.161884 63.161884 63.161884 61.59077 61.074657 79

114.46566 114.46566 114.46566 114.46566 114.46566 114.46566 114.46566 114.46566 114.46566 114.46566 114.46566 114.46566 114.46566 114.46566 114.46566 129

174.64778 174.64778 174.64778 174.64778 174.64778 174.64778 174.64778 174.64778 174.64778 174.64778 174.64778 174.64778 174.64778 174.64778 174.64778 92

168.76733 168.76733 168.76733 168.76733 168.76733 168.76733 168.76733 168.76733 168.76733 168.76733 168.76733 168.76733 168.76733 168.76733 168.76733 92

147.14265 134.25922 134.25922 134.25922 134.25922 125.54421 117.80552 117.80552 111.18652 111.18652 110.89108 110.89108 110.89108 110.89108 110.89108 81

175.83095 174.37183 174.37183 174.37183 173.08807 173.08807 172.72426 172.72426 172.63599 172.63599 172.63599 172.63599 172.63599 172.63599 172.63599 87

119.70441 119.70441 119.70441 119.70441 119.70441 119.70438 119.70438 119.70438 119.70438 119.70438 118.06351 118.04612 117.03595 117.03595 117.03595 80

171.55034 171.55034 163.49248 163.49248 162.19331 156.34358 156.34358 151.03984 151.03984 151.03984 150.97878 150.97878 150.97878 150.52168 150.30344 123

97.63849 94.132996 92.63836 92.63836 92.63836 87.70053 87.70053 87.70053 87.70053 86.62338 86.62338 86.62338 86.62338 86.62338 85.765526 80

160.09926 160.09926 160.09926 160.09926 160.09926 160.09926 160.09926 160.09926 160.09926 160.09926 160.09926 160.09926 160.09926 160.09926 160.09926 137

85.954216 84.182 84.182 84.182 81.1586 81.1586 79.603355 79.603355 79.603355 78.23199 78.23199 77.20182 77.08709 77.08709 77.08709 92

